query_file;node_id;node_type;depth;parent_relationship;subplan_name;actual_startup_time;actual_total_time;predicted_startup_time;predicted_total_time;prediction_type
Q1_122_seed_992687751;125;Seq Scan;4;Outer;;8.533;507.992;1.6145346877830247;678.6324228189176;operator
Q1_122_seed_992687751;124;Aggregate;3;Outer;;908.456;908.461;932.1635895125405;959.8632374968461;operator
Q1_122_seed_992687751;123;Sort;2;Outer;;908.5;908.5;1048.2833605956785;1049.5026115669662;pattern
Q1_122_seed_992687751;122;Gather Merge;1;Outer;;923.177;929.096;1070.873257137584;1075.8758465871215;operator
Q1_122_seed_992687751;121;Aggregate;0;;;923.231;929.19;1009.7858245584326;1018.0827114475203;pattern
Q1_130_seed_1058319999;170;Seq Scan;4;Outer;;8.418;509.571;1.834862167318882;679.8946697059189;operator
Q1_130_seed_1058319999;169;Aggregate;3;Outer;;909.528;909.533;931.6845842960911;958.7978080578887;operator
Q1_130_seed_1058319999;168;Sort;2;Outer;;909.566;909.567;1048.0764224696613;1049.2899200681709;pattern
Q1_130_seed_1058319999;167;Gather Merge;1;Outer;;922.376;928.12;1070.8644612646515;1075.867102351201;operator
Q1_130_seed_1058319999;166;Aggregate;0;;;922.408;928.175;1009.7192352577306;1018.0767594110224;pattern
Q1_137_seed_1115748216;205;Seq Scan;4;Outer;;8.608;515.857;1.7137921720581888;679.2016235397305;operator
Q1_137_seed_1115748216;204;Aggregate;3;Outer;;929.841;929.845;931.9481434919562;959.3825979403683;operator
Q1_137_seed_1115748216;203;Sort;2;Outer;;929.876;929.876;1048.1902757931045;1049.4069423582705;pattern
Q1_137_seed_1115748216;202;Gather Merge;1;Outer;;942.157;947.319;1070.8693000941118;1075.8719127742067;operator
Q1_137_seed_1115748216;201;Aggregate;0;;;942.188;947.37;1009.7554834352534;1018.079802958347;pattern
Q1_143_seed_1164972402;240;Seq Scan;4;Outer;;8.446;500.355;1.5956513746554308;678.5239869763179;operator
Q1_143_seed_1164972402;239;Aggregate;3;Outer;;920.481;920.485;932.2045305055611;959.9548364690459;operator
Q1_143_seed_1164972402;238;Sort;2;Outer;;920.509;920.511;1048.301051419464;1049.5207929079609;pattern
Q1_143_seed_1164972402;237;Gather Merge;1;Outer;;932.609;938.486;1070.8740092666264;1075.876594300585;operator
Q1_143_seed_1164972402;236;Aggregate;0;;;932.645;938.549;1009.7916623472565;1018.0833067859504;pattern
Q1_146_seed_1189584495;255;Seq Scan;4;Outer;;8.732;505.091;1.6657338986354886;678.9261780182424;operator
Q1_146_seed_1189584495;254;Aggregate;3;Outer;;911.194;911.2;932.0525147695738;959.6151488535129;operator
Q1_146_seed_1189584495;253;Sort;2;Outer;;911.232;911.234;1048.2353659361665;1049.4532851092185;pattern
Q1_146_seed_1189584495;252;Gather Merge;1;Outer;;925.26;930.985;1070.8712167804108;1075.873818208316;operator
Q1_146_seed_1189584495;251;Aggregate;0;;;925.313;931.056;1009.7701017118233;1018.0811647539124;pattern
Q1_150_seed_1231235959;280;Seq Scan;4;Outer;;9.516;533.694;1.8049109957242089;679.7233026565282;operator
Q1_150_seed_1231235959;279;Aggregate;3;Outer;;912.505;912.51;931.7498812682295;958.94236214748;operator
Q1_150_seed_1231235959;278;Sort;2;Outer;;912.543;912.543;1048.1046292932733;1049.3189128162417;pattern
Q1_150_seed_1231235959;277;Gather Merge;1;Outer;;928.954;932.436;1070.8656599591422;1075.8682940088108;operator
Q1_150_seed_1231235959;276;Aggregate;0;;;928.988;932.486;1009.7281268723855;1018.0774605909376;pattern
Q1_32_seed_254324961;380;Seq Scan;4;Outer;;8.411;514.739;1.8468245553114242;679.9631032815587;operator
Q1_32_seed_254324961;379;Aggregate;3;Outer;;920.218;920.224;931.6584850683497;958.7400903386896;operator
Q1_32_seed_254324961;378;Sort;2;Outer;;920.249;920.251;1048.0651492984168;1049.2783326388285;pattern
Q1_32_seed_254324961;377;Gather Merge;1;Outer;;933.333;939.17;1070.8639822134642;1075.866626112247;operator
Q1_32_seed_254324961;376;Aggregate;0;;;933.361;939.23;1009.7156979814832;1018.0764889352595;pattern
Q1_42_seed_336365271;435;Seq Scan;4;Outer;;8.25;511.579;1.8168916465040201;679.7918552665958;operator
Q1_42_seed_336365271;434;Aggregate;3;Outer;;918.872;918.876;931.7237703887837;958.8845320393443;operator
Q1_42_seed_336365271;433;Sort;2;Outer;;918.911;918.911;1048.093350631708;1049.3073199625062;pattern
Q1_42_seed_336365271;432;Gather Merge;1;Outer;;930.899;936.986;1070.8651806454147;1075.867817508879;operator
Q1_42_seed_336365271;431;Aggregate;0;;;930.924;937.03;1009.7245644600741;1018.0771760371115;pattern
Q1_48_seed_385589457;465;Seq Scan;4;Outer;;8.566;564.149;1.6700370195269176;678.950851841784;operator
Q1_48_seed_385589457;464;Aggregate;3;Outer;;982.268;982.274;932.0431741109915;959.5943144751657;operator
Q1_48_seed_385589457;463;Sort;2;Outer;;982.305;982.306;1048.2313322626785;1049.449139432301;pattern
Q1_48_seed_385589457;462;Gather Merge;1;Outer;;995.628;1001.561;1070.8710453098063;1075.8736477443604;operator
Q1_48_seed_385589457;461;Aggregate;0;;;995.661;1001.616;1009.7687878806684;1018.081039325818;pattern
Q1_4_seed_24612093;475;Seq Scan;4;Outer;;10.078;648.683;1.6614169537372248;678.9014226870493;operator
Q1_4_seed_24612093;474;Aggregate;3;Outer;;1059.994;1059.998;932.0618845685055;959.636052637484;operator
Q1_4_seed_24612093;473;Sort;2;Outer;;1060.023;1060.023;1048.2394142157398;1049.4574457834638;pattern
Q1_4_seed_24612093;472;Gather Merge;1;Outer;;1072.53;1079.398;1070.8713888733555;1075.873989290957;operator
Q1_4_seed_24612093;471;Aggregate;0;;;1072.573;1079.461;1009.7714214291788;1018.0812913487832;pattern
Q1_50_seed_401997519;480;Seq Scan;4;Outer;;8.927;506.97;1.7238132164480442;679.2590290976468;operator
Q1_50_seed_401997519;479;Aggregate;3;Outer;;913.981;913.987;931.9263645562837;959.3341412646573;operator
Q1_50_seed_401997519;478;Sort;2;Outer;;914.015;914.016;1048.1808650074045;1049.3972699719545;pattern
Q1_50_seed_401997519;477;Gather Merge;1;Outer;;927.823;933.59;1070.8689000853158;1075.8715151137042;operator
Q1_50_seed_401997519;476;Aggregate;0;;;927.859;933.641;1009.7524512801758;1018.0795299114717;pattern
Q1_53_seed_426609612;495;Seq Scan;4;Outer;;7.818;515.406;1.8168916465040201;679.7918552665958;operator
Q1_53_seed_426609612;494;Aggregate;3;Outer;;909.569;909.572;931.7237703887837;958.8845320393443;operator
Q1_53_seed_426609612;493;Sort;2;Outer;;909.592;909.592;1048.093350631708;1049.3073199625062;pattern
Q1_53_seed_426609612;492;Gather Merge;1;Outer;;922.157;927.197;1070.8651806454147;1075.867817508879;operator
Q1_53_seed_426609612;491;Aggregate;0;;;922.175;927.234;1009.7245644600741;1018.0771760371115;pattern
Q1_57_seed_459425736;515;Seq Scan;4;Outer;;7.94;507.072;1.6226147801078583;678.6788059993451;operator
Q1_57_seed_459425736;514;Aggregate;3;Outer;;914.879;914.881;932.146067111702;959.8240595747175;operator
Q1_57_seed_459425736;513;Sort;2;Outer;;914.9;914.9;1048.2757872922505;1049.494828217196;pattern
Q1_57_seed_459425736;512;Gather Merge;1;Outer;;926.085;931.944;1070.872935165933;1075.8755265056866;operator
Q1_57_seed_459425736;511;Aggregate;0;;;926.103;931.979;1009.7833324767283;1018.0824607382867;pattern
Q1_58_seed_467629767;520;Seq Scan;4;Outer;;7.907;562.09;1.6484885349946006;678.8272714100141;operator
Q1_58_seed_467629767;519;Aggregate;3;Outer;;980.558;980.561;932.0899402736405;959.6986705930652;operator
Q1_58_seed_467629767;518;Sort;2;Outer;;980.582;980.582;1048.2515360522386;1049.4699041000463;pattern
Q1_58_seed_467629767;517;Gather Merge;1;Outer;;993.223;996.443;1070.8719041834097;1075.874501575781;operator
Q1_58_seed_467629767;516;Aggregate;0;;;993.246;996.478;1009.7753802343972;1018.0816746763105;pattern
Q1_60_seed_484037829;535;Seq Scan;4;Outer;;8.25;582.518;1.6987333388253778;679.1153405952705;operator
Q1_60_seed_484037829;534;Aggregate;3;Outer;;981.131;981.134;931.9808606340989;959.4554363568529;operator
Q1_60_seed_484037829;533;Sort;2;Outer;;981.159;981.161;1048.2044103575545;1049.4214697277826;pattern
Q1_60_seed_484037829;532;Gather Merge;1;Outer;;992.391;999.438;1070.8699009042525;1075.8725100572176;operator
Q1_60_seed_484037829;531;Aggregate;0;;;992.409;999.475;1009.760049864488;1018.0802203154601;pattern
Q1_75_seed_607098294;615;Seq Scan;4;Outer;;8.398;513.442;1.8228792878119333;679.8261137323984;operator
Q1_75_seed_607098294;614;Aggregate;3;Outer;;923.258;923.26;931.7107166918651;958.8556338240119;operator
Q1_75_seed_607098294;613;Sort;2;Outer;;923.282;923.282;1048.087712124027;1049.301524348907;pattern
Q1_75_seed_607098294;612;Gather Merge;1;Outer;;935.212;941.732;1070.864941027915;1075.8675792980428;operator
Q1_75_seed_607098294;611;Aggregate;0;;;935.235;941.772;1009.722787022336;1018.0770358708602;pattern
Q1_76_seed_615302325;620;Seq Scan;4;Outer;;7.742;507.956;1.8587924129925413;680.0315638538955;operator
Q1_76_seed_615302325;619;Aggregate;3;Outer;;911.757;911.76;931.6323620356278;958.6823546808499;operator
Q1_76_seed_615302325;618;Sort;2;Outer;;911.779;911.78;1048.0538679949884;1049.2667367592785;pattern
Q1_76_seed_615302325;617;Gather Merge;1;Outer;;923.419;930.699;1070.8635028283127;1075.8661495412807;operator
Q1_76_seed_615302325;616;Aggregate;0;;;923.446;930.745;1009.7121674658831;1018.0762238503422;pattern
Q1_81_seed_656322480;650;Seq Scan;4;Outer;;7.812;573.2;1.6743394715817272;678.9755196393517;operator
Q1_81_seed_656322480;649;Aggregate;3;Outer;;969.128;969.132;932.0338340259727;959.5734857643622;operator
Q1_81_seed_656322480;648;Sort;2;Outer;;969.154;969.155;1048.2272949015733;1049.4449899612878;pattern
Q1_81_seed_656322480;647;Gather Merge;1;Outer;;979.57;985.287;1070.870873684088;1075.873477126201;operator
Q1_81_seed_656322480;646;Aggregate;0;;;979.607;985.346;1009.7674741684887;1018.08091449021;pattern
Q1_88_seed_713750697;685;Seq Scan;4;Outer;;7.955;571.599;1.894622807543895;680.2365099535025;operator
Q1_88_seed_713750697;684;Aggregate;3;Outer;;979.914;979.917;931.55407813961;958.509544221281;operator
Q1_88_seed_713750697;683;Sort;2;Outer;;979.94;979.94;1048.0200539722437;1049.2319793261586;pattern
Q1_88_seed_713750697;682;Gather Merge;1;Outer;;991.091;996.877;1070.862066013152;1075.864721160756;operator
Q1_88_seed_713750697;681;Aggregate;0;;;991.11;996.909;1009.7016417548305;1018.0754627805942;pattern
Q1_93_seed_754770852;715;Seq Scan;4;Outer;;7.816;512.671;1.7087735588086148;679.1728707945177;operator
Q1_93_seed_754770852;714;Aggregate;3;Outer;;925.572;925.575;931.9590484167529;959.4068696589609;operator
Q1_93_seed_754770852;713;Sort;2;Outer;;925.599;925.6;1048.1949869328982;1049.4117844374107;pattern
Q1_93_seed_754770852;712;Gather Merge;1;Outer;;935.955;941.72;1070.8695003458884;1075.872111850382;operator
Q1_93_seed_754770852;711;Aggregate;0;;;935.974;941.77;1009.7570038311603;1018.0799410984944;pattern
Q1_99_seed_803995038;745;Seq Scan;4;Outer;;8.007;573.517;1.894622807543895;680.2365099535025;operator
Q1_99_seed_803995038;744;Aggregate;3;Outer;;988.962;988.965;931.55407813961;958.509544221281;operator
Q1_99_seed_803995038;743;Sort;2;Outer;;988.991;988.991;1048.0200539722437;1049.2319793261586;pattern
Q1_99_seed_803995038;742;Gather Merge;1;Outer;;1000.029;1005.596;1070.862066013152;1075.864721160756;operator
Q1_99_seed_803995038;741;Aggregate;0;;;1000.046;1005.629;1009.7016417548305;1018.0754627805942;pattern
Q3_100_seed_812199069;4359;Seq Scan;7;Outer;;4.615;28.609;0.31825077450749695;30.099473810047385;operator
Q3_100_seed_812199069;4357;Seq Scan;6;Outer;;0.302;155.019;0.29360466970203625;159.1568973740264;operator
Q3_100_seed_812199069;4358;Hash;6;Inner;;29.288;29.288;19.65006498443421;19.65050459742153;operator
Q3_100_seed_812199069;4356;Hash Join;5;Outer;;29.686;206.738;37.49779155324039;210.44488202548177;pattern
Q3_100_seed_812199069;4360;Index Scan;5;Inner;;0.026;0.026;0.05607279666256021;0.06130194055731019;operator
Q3_100_seed_812199069;4355;Nested Loop;4;Outer;;31.715;1151.784;20.08659101417618;1114.0856281778533;operator
Q3_100_seed_812199069;4354;Gather;3;Outer;;41.324;1157.437;553.6914835998048;1111.672726137108;operator
Q3_100_seed_812199069;4353;Aggregate;2;Outer;;1165.598;1170.74;1060.6836139033635;1066.975780411812;pattern
Q3_100_seed_812199069;4352;Sort;1;Outer;;1169.862;1171.356;1188.4502026388084;1190.3974273761564;pattern
Q3_100_seed_812199069;4351;Limit;0;;;1185.99;1187.484;1182.1290156151153;1182.9732155414763;pattern
Q3_10_seed_73836279;4459;Seq Scan;7;Outer;;4.863;29.055;0.31825077450749695;30.099473810047385;operator
Q3_10_seed_73836279;4457;Seq Scan;6;Outer;;0.317;156.522;0.29348512202540056;159.13333374258474;operator
Q3_10_seed_73836279;4458;Hash;6;Inner;;29.702;29.702;19.65006498443421;19.65050459742153;operator
Q3_10_seed_73836279;4456;Hash Join;5;Outer;;30.111;208.856;37.497165037211836;210.44488202548177;pattern
Q3_10_seed_73836279;4460;Index Scan;5;Inner;;0.026;0.027;0.05607279666256021;0.06130194055731019;operator
Q3_10_seed_73836279;4455;Nested Loop;4;Outer;;32.439;1169.895;20.334439111763103;1114.466270599725;operator
Q3_10_seed_73836279;4454;Gather;3;Outer;;39.823;1178.969;553.7202708408402;1111.690174770387;operator
Q3_10_seed_73836279;4453;Aggregate;2;Outer;;1182.488;1191.403;1060.696790532516;1066.9888939367606;pattern
Q3_10_seed_73836279;4452;Sort;1;Outer;;1186.223;1192.071;1188.4969863746003;1190.4447999893894;pattern
Q3_10_seed_73836279;4451;Limit;0;;;1202.512;1208.36;1182.043808894554;1182.8882142619323;pattern
Q3_11_seed_82040310;4569;Seq Scan;7;Outer;;4.309;28.915;0.31825077450749695;30.099473810047385;operator
Q3_11_seed_82040310;4567;Seq Scan;6;Outer;;0.299;157.075;0.2935280860591823;159.14174606191807;operator
Q3_11_seed_82040310;4568;Hash;6;Inner;;29.568;29.568;19.65006498443421;19.65050459742153;operator
Q3_11_seed_82040310;4566;Hash Join;5;Outer;;29.956;208.838;37.49738982454859;210.44488202548177;pattern
Q3_11_seed_82040310;4570;Index Scan;5;Inner;;0.027;0.027;0.05607279666256021;0.06130194055731019;operator
Q3_11_seed_82040310;4565;Nested Loop;4;Outer;;32.315;1201.439;20.24559667473558;1114.329544624968;operator
Q3_11_seed_82040310;4564;Gather;3;Outer;;40.161;1205.25;553.7094460768549;1111.6840119565816;operator
Q3_11_seed_82040310;4563;Aggregate;2;Outer;;1213.239;1218.831;1060.6920342824992;1066.9841603584764;pattern
Q3_11_seed_82040310;4562;Sort;1;Outer;;1217.656;1219.496;1188.4797901835395;1190.427387378588;pattern
Q3_11_seed_82040310;4561;Limit;0;;;1234.806;1236.646;1182.0745137785266;1182.9188450862396;pattern
Q3_122_seed_992687751;4599;Seq Scan;7;Outer;;4.981;29.726;0.3180851059891723;30.064160884550517;operator
Q3_122_seed_992687751;4597;Seq Scan;6;Outer;;0.27;157.577;0.29324976919531326;159.08830889440753;operator
Q3_122_seed_992687751;4598;Hash;6;Inner;;30.743;30.744;19.673411865138604;19.67385275886187;operator
Q3_122_seed_992687751;4596;Hash Join;5;Outer;;31.723;211.644;37.49383608294478;210.44390632427962;pattern
Q3_122_seed_992687751;4600;Index Scan;5;Inner;;0.026;0.026;0.05607279666256021;0.06130194055731019;operator
Q3_122_seed_992687751;4595;Nested Loop;4;Outer;;33.659;1166.03;21.11576175971912;1115.7317287054088;operator
Q3_122_seed_992687751;4594;Gather;3;Outer;;43.349;1170.813;553.894694374844;1111.7249146454526;operator
Q3_122_seed_992687751;4593;Aggregate;2;Outer;;1178.591;1184.231;1060.7458977451192;1067.0377901853435;pattern
Q3_122_seed_992687751;4592;Sort;1;Outer;;1183.035;1184.9;1188.730724329308;1190.681476581298;pattern
Q3_122_seed_992687751;4591;Limit;0;;;1199.386;1201.251;1181.7666920464605;1182.6117683596467;pattern
Q3_123_seed_1000891782;4609;Seq Scan;7;Outer;;4.635;28.453;0.3180851059891723;30.064160884550517;operator
Q3_123_seed_1000891782;4607;Seq Scan;6;Outer;;0.208;155.392;0.29331913661312065;159.10139962189197;operator
Q3_123_seed_1000891782;4608;Hash;6;Inner;;29.058;29.059;19.673411865138604;19.67385275886187;operator
Q3_123_seed_1000891782;4606;Hash Join;5;Outer;;30.35;207.969;37.49418063451316;210.44390632427962;pattern
Q3_123_seed_1000891782;4610;Index Scan;5;Inner;;0.026;0.026;0.05607279666256021;0.06130194055731019;operator
Q3_123_seed_1000891782;4605;Nested Loop;4;Outer;;32.257;1154.328;20.97945445018037;1115.5182520401759;operator
Q3_123_seed_1000891782;4604;Gather;3;Outer;;40.168;1160.373;553.8712114938111;1111.7181330808605;operator
Q3_123_seed_1000891782;4603;Aggregate;2;Outer;;1167.725;1173.815;1060.7381673724199;1067.030095273806;pattern
Q3_123_seed_1000891782;4602;Sort;1;Outer;;1172.201;1174.471;1188.6995149601803;1190.6498755321632;pattern
Q3_123_seed_1000891782;4601;Limit;0;;;1187.802;1190.072;1181.816130081146;1182.661086754233;pattern
Q3_124_seed_1009095813;4619;Seq Scan;7;Outer;;4.836;29.256;0.3178830577822442;30.02135009229147;operator
Q3_124_seed_1009095813;4617;Seq Scan;6;Outer;;0.284;153.272;0.2933720188523192;159.11147852399517;operator
Q3_124_seed_1009095813;4618;Hash;6;Inner;;30.984;30.984;19.701913027891322;19.702355486643512;operator
Q3_124_seed_1009095813;4616;Hash Join;5;Outer;;31.562;207.085;37.4918539360651;210.44272391549674;pattern
Q3_124_seed_1009095813;4620;Index Scan;5;Inner;;0.026;0.026;0.05607279666256021;0.06130194055731019;operator
Q3_124_seed_1009095813;4615;Nested Loop;4;Outer;;32.369;1159.221;21.245307896878586;1116.0060671613112;operator
Q3_124_seed_1009095813;4614;Gather;3;Outer;;41.285;1165.689;554.0051545994817;1111.70290270641;operator
Q3_124_seed_1009095813;4613;Aggregate;2;Outer;;1173.794;1178.899;1060.7614713713424;1067.053316967124;pattern
Q3_124_seed_1009095813;4612;Sort;1;Outer;;1178.054;1179.537;1188.850552530156;1190.8028089152472;pattern
Q3_124_seed_1009095813;4611;Limit;0;;;1194.935;1196.418;1181.720193678247;1182.5653843358439;pattern
Q3_133_seed_1082932092;4719;Seq Scan;7;Outer;;4.792;27.947;0.3180851059891723;30.064160884550517;operator
Q3_133_seed_1082932092;4717;Seq Scan;6;Outer;;0.309;156.249;0.29309786654103626;159.06013741470358;operator
Q3_133_seed_1082932092;4718;Hash;6;Inner;;28.676;28.676;19.673411865138604;19.67385275886187;operator
Q3_133_seed_1082932092;4716;Hash Join;5;Outer;;29.086;208.606;37.49309676299685;210.44390632427962;pattern
Q3_133_seed_1082932092;4720;Index Scan;5;Inner;;0.025;0.025;0.05607279666256021;0.06130194055731019;operator
Q3_133_seed_1082932092;4715;Nested Loop;4;Outer;;30.748;1138.827;21.43048190230442;1116.1919873427644;operator
Q3_133_seed_1082932092;4714;Gather;3;Outer;;38.775;1142.317;553.9131334789414;1111.750018486512;operator
Q3_133_seed_1082932092;4713;Aggregate;2;Outer;;1151.677;1158.97;1060.759993515759;1067.0518100866027;pattern
Q3_133_seed_1082932092;4712;Sort;1;Outer;;1159.467;1159.58;1188.773408686288;1190.724695903824;pattern
Q3_133_seed_1082932092;4711;Limit;0;;;1175.806;1175.92;1181.6505475839197;1182.495904354453;pattern
Q3_134_seed_1091136123;4729;Seq Scan;7;Outer;;4.835;30.423;0.3178830577822442;30.02135009229147;operator
Q3_134_seed_1091136123;4727;Seq Scan;6;Outer;;0.31;157.282;0.29314159525882855;159.06817938641672;operator
Q3_134_seed_1091136123;4728;Hash;6;Inner;;31.125;31.126;19.701913027891322;19.702355486643512;operator
Q3_134_seed_1091136123;4726;Hash Join;5;Outer;;31.547;211.212;37.49071566251497;210.44272391549674;pattern
Q3_134_seed_1091136123;4730;Index Scan;5;Inner;;0.026;0.026;0.05607279666256021;0.06130194055731019;operator
Q3_134_seed_1091136123;4725;Nested Loop;4;Outer;;32.162;1174.123;21.713693188002168;1116.718749399796;operator
Q3_134_seed_1091136123;4724;Gather;3;Outer;;41.546;1179.471;554.0656803049694;1111.7288557664015;operator
Q3_134_seed_1091136123;4723;Aggregate;2;Outer;;1187.625;1192.954;1060.785644241509;1067.0773718330702;pattern
Q3_134_seed_1091136123;4722;Sort;1;Outer;;1192.032;1193.732;1188.9399674257468;1190.8933429547803;pattern
Q3_134_seed_1091136123;4721;Limit;0;;;1208.136;1209.837;1181.5455352511622;1182.3911486406491;pattern
Q3_138_seed_1123952247;4769;Seq Scan;7;Outer;;4.765;29.84;0.31792346860442433;30.0298899519031;operator
Q3_138_seed_1123952247;4767;Seq Scan;6;Outer;;0.317;157.03;0.29331913661312065;159.10139962189197;operator
Q3_138_seed_1123952247;4768;Hash;6;Inner;;30.521;30.521;19.69621022503358;19.69665237050262;operator
Q3_138_seed_1123952247;4766;Hash Join;5;Outer;;30.943;211.607;37.49209938361569;210.4429597412116;pattern
Q3_138_seed_1123952247;4770;Index Scan;5;Inner;;0.027;0.027;0.05607279666256021;0.06130194055731019;operator
Q3_138_seed_1123952247;4765;Nested Loop;4;Outer;;31.174;1217.941;21.277326956188304;1116.0442877385372;operator
Q3_138_seed_1123952247;4764;Gather;3;Outer;;42.571;1222.338;553.995705950385;1111.7094867801168;operator
Q3_138_seed_1123952247;4763;Aggregate;2;Outer;;1234.437;1243.045;1060.7619147842909;1067.0537542441077;pattern
Q3_138_seed_1123952247;4762;Sort;1;Outer;;1242.181;1243.715;1188.8422302254985;1190.7943820269875;pattern
Q3_138_seed_1123952247;4761;Limit;0;;;1259.484;1261.019;1181.7082806366352;1182.5534998481576;pattern
Q3_13_seed_98448372;4789;Seq Scan;7;Outer;;4.437;28.014;0.3180851059891723;30.064160884550517;operator
Q3_13_seed_98448372;4787;Seq Scan;6;Outer;;0.325;154.877;0.2936249715239861;159.16094824823278;operator
Q3_13_seed_98448372;4788;Hash;6;Inner;;28.697;28.697;19.673411865138604;19.67385275886187;operator
Q3_13_seed_98448372;4786;Hash Join;5;Outer;;29.136;206.484;37.49575788254808;210.44390632427962;pattern
Q3_13_seed_98448372;4790;Index Scan;5;Inner;;0.027;0.027;0.05607279666256021;0.06130194055731019;operator
Q3_13_seed_98448372;4785;Nested Loop;4;Outer;;30.744;1170.063;20.339921130419043;1114.5493445253783;operator
Q3_13_seed_98448372;4784;Gather;3;Outer;;38.923;1175.241;553.8063703126594;1111.6738502626554;operator
Q3_13_seed_98448372;4783;Aggregate;2;Outer;;1182.113;1188.412;1060.7056778618241;1066.9977661395276;pattern
Q3_13_seed_98448372;4782;Sort;1;Outer;;1186.557;1189.101;1188.5888018278642;1190.5377722486037;pattern
Q3_13_seed_98448372;4781;Limit;0;;;1203.972;1206.516;1182.0428112058048;1182.8872207966153;pattern
Q3_143_seed_1164972402;4829;Seq Scan;7;Outer;;5.338;28.293;0.3180851059891723;30.064160884550517;operator
Q3_143_seed_1164972402;4827;Seq Scan;6;Outer;;0.366;156.55;0.29355372129449037;159.14679519037148;operator
Q3_143_seed_1164972402;4828;Hash;6;Inner;;28.9;28.9;19.673411865138604;19.67385275886187;operator
Q3_143_seed_1164972402;4826;Hash Join;5;Outer;;29.369;208.505;37.4953808558446;210.44390632427962;pattern
Q3_143_seed_1164972402;4830;Index Scan;5;Inner;;0.027;0.027;0.05607279666256021;0.06130194055731019;operator
Q3_143_seed_1164972402;4825;Nested Loop;4;Outer;;30.928;1175.568;20.491587538385033;1114.7796756293635;operator
Q3_143_seed_1164972402;4824;Gather;3;Outer;;39.178;1180.635;553.8212294188456;1111.684536948769;operator
Q3_143_seed_1164972402;4823;Aggregate;2;Outer;;1188.348;1195.096;1060.713444040865;1067.0054941816654;pattern
Q3_143_seed_1164972402;4822;Sort;1;Outer;;1192.45;1195.833;1188.6148414063387;1190.5641389620444;pattern
Q3_143_seed_1164972402;4821;Limit;0;;;1208.286;1211.669;1181.989913953181;1182.8344511159555;pattern
Q3_147_seed_1197788526;4869;Seq Scan;7;Outer;;5.253;29.221;0.31806894267542585;30.06072576187151;operator
Q3_147_seed_1197788526;4867;Seq Scan;6;Outer;;0.209;168.847;0.29372523669188705;159.1811726850193;operator
Q3_147_seed_1197788526;4868;Hash;6;Inner;;30.082;30.082;19.67569077366481;19.67613179246281;operator
Q3_147_seed_1197788526;4866;Hash Join;5;Outer;;31.406;222.787;37.496089149855386;210.44381142964914;pattern
Q3_147_seed_1197788526;4870;Index Scan;5;Inner;;0.028;0.028;0.05607279666256021;0.06130194055731019;operator
Q3_147_seed_1197788526;4865;Nested Loop;4;Outer;;32.524;1231.037;20.155737684013204;1114.2724204094557;operator
Q3_147_seed_1197788526;4864;Gather;3;Outer;;39.896;1238.262;553.7928298510199;1111.659742761476;operator
Q3_147_seed_1197788526;4863;Aggregate;2;Outer;;1243.829;1252.1;1060.6965698574204;1066.9887039367925;pattern
Q3_147_seed_1197788526;4862;Sort;1;Outer;;1247.729;1252.781;1188.562546107976;1190.5111867260455;pattern
Q3_147_seed_1197788526;4861;Limit;0;;;1264.995;1270.048;1182.106361306956;1182.9506177915157;pattern
Q3_15_seed_114856434;4919;Seq Scan;7;Outer;;5.344;28.126;0.3178830577822442;30.02135009229147;operator
Q3_15_seed_114856434;4917;Seq Scan;6;Outer;;0.33;158.901;0.29370527884995856;159.17711756099402;operator
Q3_15_seed_114856434;4918;Hash;6;Inner;;28.714;28.714;19.701913027891322;19.702355486643512;operator
Q3_15_seed_114856434;4916;Hash Join;5;Outer;;29.15;210.317;37.493594014784506;210.44272391549674;pattern
Q3_15_seed_114856434;4920;Index Scan;5;Inner;;0.027;0.027;0.05607279666256021;0.06130194055731019;operator
Q3_15_seed_114856434;4915;Nested Loop;4;Outer;;30.251;1187.844;20.53187336271921;1114.9303839760785;operator
Q3_15_seed_114856434;4914;Gather;3;Outer;;39.248;1192.915;553.9393181299278;1111.6532288563853;operator
Q3_15_seed_114856434;4913;Aggregate;2;Outer;;1201.055;1206.327;1060.7258144298864;1067.017837974031;pattern
Q3_15_seed_114856434;4912;Sort;1;Outer;;1205.618;1207.084;1188.7329010106428;1190.683683249007;pattern
Q3_15_seed_114856434;4911;Limit;0;;;1221.578;1223.045;1181.9768596711133;1182.8214305130264;pattern
Q3_16_seed_123060465;4929;Seq Scan;7;Outer;;4.783;29.439;0.31806894267542585;30.06072576187151;operator
Q3_16_seed_123060465;4927;Seq Scan;6;Outer;;0.317;151.906;0.2930758408550814;159.056107011475;operator
Q3_16_seed_123060465;4928;Hash;6;Inner;;30.288;30.288;19.67569077366481;19.67613179246281;operator
Q3_16_seed_123060465;4926;Hash Join;5;Outer;;30.708;204.995;37.49278418443433;210.44381142964914;pattern
Q3_16_seed_123060465;4930;Index Scan;5;Inner;;0.025;0.025;0.05607279666256021;0.06130194055731019;operator
Q3_16_seed_123060465;4925;Nested Loop;4;Outer;;31.623;1139.233;21.505729318284168;1116.3101600407836;operator
Q3_16_seed_123060465;4924;Gather;3;Outer;;41.788;1144.518;553.9271879578228;1111.7534068094658;operator
Q3_16_seed_123060465;4923;Aggregate;2;Outer;;1153.314;1158.611;1060.7643004469908;1067.056097383597;pattern
Q3_16_seed_123060465;4922;Sort;1;Outer;;1158.061;1159.371;1188.7932355371854;1190.7447714299763;pattern
Q3_16_seed_123060465;4921;Limit;0;;;1174.293;1175.604;1181.6225505398886;1182.4679751591127;pattern
Q3_18_seed_139468527;4949;Seq Scan;7;Outer;;5.604;29.569;0.31792346860442433;30.0298899519031;operator
Q3_18_seed_139468527;4947;Seq Scan;6;Outer;;0.285;156.933;0.29318504863374134;159.0762245398368;operator
Q3_18_seed_139468527;4948;Hash;6;Inner;;30.236;30.236;19.69621022503358;19.69665237050262;operator
Q3_18_seed_139468527;4946;Hash Join;5;Outer;;30.636;210.195;37.49143774976914;210.4429597412116;pattern
Q3_18_seed_139468527;4950;Index Scan;5;Inner;;0.025;0.026;0.05607279666256021;0.06130194055731019;operator
Q3_18_seed_139468527;4945;Nested Loop;4;Outer;;31.417;1160.265;21.552097450235564;1116.45789914658;operator
Q3_18_seed_139468527;4944;Gather;3;Outer;;40.518;1166.802;554.0252212830839;1111.7270510989229;operator
Q3_18_seed_139468527;4943;Aggregate;2;Outer;;1173.478;1179.993;1060.7755794828777;1067.067350539235;pattern
Q3_18_seed_139468527;4942;Sort;1;Outer;;1177.571;1180.717;1188.890284515466;1190.8430379299914;pattern
Q3_18_seed_139468527;4941;Limit;0;;;1193.635;1196.781;1181.6061582327377;1182.4516244528818;pattern
Q3_58_seed_467629767;5389;Seq Scan;7;Outer;;4.909;29.68;0.31792346860442433;30.0298899519031;operator
Q3_58_seed_467629767;5387;Seq Scan;6;Outer;;0.294;157.818;0.2936852520880418;159.1730632928526;operator
Q3_58_seed_467629767;5388;Hash;6;Inner;;30.402;30.402;19.69621022503358;19.69665237050262;operator
Q3_58_seed_467629767;5386;Hash Join;5;Outer;;30.817;210.639;37.493996823357065;210.4429597412116;pattern
Q3_58_seed_467629767;5390;Index Scan;5;Inner;;0.026;0.026;0.05607279666256021;0.06130194055731019;operator
Q3_58_seed_467629767;5385;Nested Loop;4;Outer;;31.444;1159.991;20.504365066659815;1114.8714750512358;operator
Q3_58_seed_467629767;5384;Gather;3;Outer;;40.561;1168.719;553.913743297449;1111.659075352697;operator
Q3_58_seed_467629767;5383;Aggregate;2;Outer;;1173.434;1182.243;1060.722433249093;1067.0144668614744;pattern
Q3_58_seed_467629767;5382;Sort;1;Outer;;1177.74;1183.048;1188.7066361170878;1190.6570883443594;pattern
Q3_58_seed_467629767;5381;Limit;0;;;1194.003;1199.311;1181.9863110193296;1182.8308586404046;pattern
Q3_61_seed_492241860;5429;Seq Scan;7;Outer;;5.142;27.309;0.31825077450749695;30.099473810047385;operator
Q3_61_seed_492241860;5427;Seq Scan;6;Outer;;0.3;157.378;0.29314159525882855;159.06817938641672;operator
Q3_61_seed_492241860;5428;Hash;6;Inner;;27.926;27.926;19.65006498443421;19.65050459742153;operator
Q3_61_seed_492241860;5426;Hash Join;5;Outer;;28.32;208.506;37.49544891487215;210.44488202548177;pattern
Q3_61_seed_492241860;5430;Index Scan;5;Inner;;0.026;0.026;0.05607279666256021;0.06130194055731019;operator
Q3_61_seed_492241860;5425;Nested Loop;4;Outer;;30.541;1164.052;21.03372004234909;1115.5200092156724;operator
Q3_61_seed_492241860;5424;Gather;3;Outer;;38.921;1168.903;553.78894816366;1111.7405773663322;operator
Q3_61_seed_492241860;5423;Aggregate;2;Outer;;1177.843;1183.078;1060.7316620321394;1067.0235911252141;pattern
Q3_61_seed_492241860;5422;Sort;1;Outer;;1182.481;1183.998;1188.6160537593055;1190.5653642283132;pattern
Q3_61_seed_492241860;5421;Limit;0;;;1199.028;1200.545;1181.795481397797;1182.6404859789868;pattern
Q3_72_seed_582486201;5549;Seq Scan;7;Outer;;4.773;28.859;0.3180851059891723;30.064160884550517;operator
Q3_72_seed_582486201;5547;Seq Scan;6;Outer;;0.268;156.735;0.2936450980777214;159.16497864299384;operator
Q3_72_seed_582486201;5548;Hash;6;Inner;;29.561;29.561;19.673411865138604;19.67385275886187;operator
Q3_72_seed_582486201;5546;Hash Join;5;Outer;;30.272;209.48;37.49586584189567;210.44390632427962;pattern
Q3_72_seed_582486201;5550;Index Scan;5;Inner;;0.026;0.026;0.05607279666256021;0.06130194055731019;operator
Q3_72_seed_582486201;5545;Nested Loop;4;Outer;;31.76;1154.453;20.297187715801726;1114.483558799709;operator
Q3_72_seed_582486201;5544;Gather;3;Outer;;39.347;1157.242;553.8012482553264;1111.67105880839;operator
Q3_72_seed_582486201;5543;Aggregate;2;Outer;;1166.909;1174.412;1060.703387723459;1066.9954869100582;pattern
Q3_72_seed_582486201;5542;Sort;1;Outer;;1174.912;1175.069;1188.5807010811525;1190.5295696922094;pattern
Q3_72_seed_582486201;5541;Limit;0;;;1190.584;1190.741;1182.0576079965956;1182.9019818925212;pattern
Q3_75_seed_607098294;5579;Seq Scan;7;Outer;;5.318;26.42;0.3178830577822442;30.02135009229147;operator
Q3_75_seed_607098294;5577;Seq Scan;6;Outer;;0.243;157.118;0.293119707628716;159.06414739443667;operator
Q3_75_seed_607098294;5578;Hash;6;Inner;;27.326;27.326;19.701913027891322;19.702355486643512;operator
Q3_75_seed_607098294;5576;Hash Join;5;Outer;;28.414;207.917;37.49061073343054;210.44272391549674;pattern
Q3_75_seed_607098294;5580;Index Scan;5;Inner;;0.025;0.026;0.05607279666256021;0.06130194055731019;operator
Q3_75_seed_607098294;5575;Nested Loop;4;Outer;;29.0;1149.893;21.75927155096197;1116.7848538922783;operator
Q3_75_seed_607098294;5574;Gather;3;Outer;;44.644;1157.95;554.0677885967382;1111.7327677144585;operator
Q3_75_seed_607098294;5573;Aggregate;2;Outer;;1167.623;1174.817;1060.7876235677325;1067.0793402741206;pattern
Q3_75_seed_607098294;5572;Sort;1;Outer;;1175.405;1175.518;1188.9457731941527;1190.899221289662;pattern
Q3_75_seed_607098294;5571;Limit;0;;;1192.612;1192.726;1181.5282407127784;1182.3738959123505;pattern
Q3_77_seed_623506356;5599;Seq Scan;7;Outer;;5.414;30.99;0.31806894267542585;30.06072576187151;operator
Q3_77_seed_623506356;5597;Seq Scan;6;Outer;;0.681;157.288;0.29320672905453454;159.0802589327949;operator
Q3_77_seed_623506356;5598;Hash;6;Inner;;31.78;31.78;19.67569077366481;19.67613179246281;operator
Q3_77_seed_623506356;5596;Hash Join;5;Outer;;33.88;213.071;37.49341620426482;210.44381142964914;pattern
Q3_77_seed_623506356;5600;Index Scan;5;Inner;;0.025;0.026;0.05607279666256021;0.06130194055731019;operator
Q3_77_seed_623506356;5595;Nested Loop;4;Outer;;35.008;1152.449;21.239166518053878;1115.9157767246204;operator
Q3_77_seed_623506356;5594;Gather;3;Outer;;41.98;1158.472;553.9056439085484;1111.733763125055;operator
Q3_77_seed_623506356;5593;Aggregate;2;Outer;;1164.865;1171.434;1060.7518357725676;1067.043697805263;pattern
Q3_77_seed_623506356;5592;Sort;1;Outer;;1169.035;1172.169;1188.7523344797507;1190.7033577674802;pattern
Q3_77_seed_623506356;5591;Limit;0;;;1185.201;1188.335;1181.7214592990726;1182.5666448918546;pattern
Q3_80_seed_648118449;5639;Seq Scan;7;Outer;;4.512;26.404;0.31825077450749695;30.099473810047385;operator
Q3_80_seed_648118449;5637;Seq Scan;6;Outer;;0.315;160.578;0.29334563149571447;159.1064384353547;operator
Q3_80_seed_648118449;5638;Hash;6;Inner;;27.056;27.057;19.65006498443421;19.65050459742153;operator
Q3_80_seed_648118449;5636;Hash Join;5;Outer;;27.475;210.238;37.49645700378777;210.44488202548177;pattern
Q3_80_seed_648118449;5640;Index Scan;5;Inner;;0.026;0.026;0.05607279666256021;0.06130194055731019;operator
Q3_80_seed_648118449;5635;Nested Loop;4;Outer;;29.587;1154.856;20.624749904520527;1114.8992418753971;operator
Q3_80_seed_648118449;5634;Gather;3;Outer;;38.052;1161.646;553.7424099724308;1111.7121301902685;operator
Q3_80_seed_648118449;5633;Aggregate;2;Outer;;1168.156;1174.185;1060.710746175788;1067.0027780377009;pattern
Q3_80_seed_648118449;5632;Sort;1;Outer;;1172.143;1174.835;1188.5408835385742;1190.4892491477387;pattern
Q3_80_seed_648118449;5631;Limit;0;;;1188.323;1191.015;1181.9420262774404;1182.7866769652876;pattern
Q3_82_seed_664526511;5659;Seq Scan;7;Outer;;4.915;28.804;0.3180851059891723;30.064160884550517;operator
Q3_82_seed_664526511;5657;Seq Scan;6;Outer;;0.345;154.593;0.29343317130759883;159.12324371268429;operator
Q3_82_seed_664526511;5658;Hash;6;Inner;;29.553;29.553;19.673411865138604;19.67385275886187;operator
Q3_82_seed_664526511;5656;Hash Join;5;Outer;;30.094;207.252;37.494756839440385;210.44390632427962;pattern
Q3_82_seed_664526511;5660;Index Scan;5;Inner;;0.026;0.026;0.05607279666256021;0.06130194055731019;operator
Q3_82_seed_664526511;5655;Nested Loop;4;Outer;;31.836;1162.108;20.74471185462086;1115.162679796987;operator
Q3_82_seed_664526511;5654;Gather;3;Outer;;40.253;1165.993;553.8460219475471;1111.7023020516838;operator
Q3_82_seed_664526511;5653;Aggregate;2;Outer;;1175.484;1180.623;1060.7262467143296;1067.0182334676242;pattern
Q3_82_seed_664526511;5652;Sort;1;Outer;;1179.901;1181.351;1188.657866615653;1190.6077044450496;pattern
Q3_82_seed_664526511;5651;Limit;0;;;1196.435;1197.885;1181.900427490671;1182.7451805817732;pattern
Q4_102_seed_828607131;5870;Seq Scan;5;Outer;;0.076;167.145;0.20013736144867356;164.89593348534683;operator
Q4_102_seed_828607131;5871;Index Scan;5;Inner;;0.063;0.063;0.061642123788130984;0.061622719110628436;operator
Q4_102_seed_828607131;5869;Nested Loop;4;Outer;;0.847;1063.929;0.6256402413959012;1005.9889999960253;pattern
Q4_102_seed_828607131;5868;Aggregate;3;Outer;;1065.852;1065.853;968.389774627651;987.9745746116394;operator
Q4_102_seed_828607131;5867;Sort;2;Outer;;1065.872;1065.873;1035.5156839170236;1035.7501050228038;pattern
Q4_102_seed_828607131;5866;Gather Merge;1;Outer;;1068.322;1070.654;1125.7361565997473;1128.4593900680948;operator
Q4_102_seed_828607131;5865;Aggregate;0;;;1068.327;1070.659;1059.8336543004446;1059.517234385109;pattern
Q4_103_seed_836811162;5877;Seq Scan;5;Outer;;0.07;165.187;0.2001729159546704;164.89179243795542;operator
Q4_103_seed_836811162;5878;Index Scan;5;Inner;;0.062;0.062;0.061642123788130984;0.061622719110628436;operator
Q4_103_seed_836811162;5876;Nested Loop;4;Outer;;0.328;1030.007;0.625244581697034;1005.9889999960253;pattern
Q4_103_seed_836811162;5875;Aggregate;3;Outer;;1031.941;1031.941;968.3915273759876;987.9738518897711;operator
Q4_103_seed_836811162;5874;Sort;2;Outer;;1031.958;1031.958;1035.5149369975197;1035.7501762249876;pattern
Q4_103_seed_836811162;5873;Gather Merge;1;Outer;;1034.226;1036.367;1125.73614160634;1128.4593751468165;operator
Q4_103_seed_836811162;5872;Aggregate;0;;;1034.23;1036.371;1059.76083863821;1059.469027547306;pattern
Q4_104_seed_845015193;5884;Seq Scan;5;Outer;;0.071;162.028;0.2002926616927439;164.87785400675094;operator
Q4_104_seed_845015193;5885;Index Scan;5;Inner;;0.06;0.06;0.061642123788130984;0.061622719110628436;operator
Q4_104_seed_845015193;5883;Nested Loop;4;Outer;;0.951;1026.35;0.6239601086081104;1005.9889999960253;pattern
Q4_104_seed_845015193;5882;Aggregate;3;Outer;;1028.385;1028.385;968.3973653287769;987.9714470640738;operator
Q4_104_seed_845015193;5881;Sort;2;Outer;;1028.401;1028.402;1035.512821170914;1035.7508162899314;pattern
Q4_104_seed_845015193;5880;Gather Merge;1;Outer;;1031.172;1033.354;1125.736108860243;1128.4593425583164;operator
Q4_104_seed_845015193;5879;Aggregate;0;;;1031.176;1033.359;1059.5164331192682;1059.3072605772898;pattern
Q4_110_seed_894239379;5933;Seq Scan;5;Outer;;0.072;166.816;0.20013422436228584;164.89629891858266;operator
Q4_110_seed_894239379;5934;Index Scan;5;Inner;;0.061;0.061;0.061642123788130984;0.061622719110628436;operator
Q4_110_seed_894239379;5932;Nested Loop;4;Outer;;1.482;1050.162;0.6256772441697;1005.9889999960253;pattern
Q4_110_seed_894239379;5931;Aggregate;3;Outer;;1052.121;1052.121;968.389633661331;987.9746321688481;operator
Q4_110_seed_894239379;5930;Sort;2;Outer;;1052.145;1052.145;1035.5157552017934;1035.7501004557998;pattern
Q4_110_seed_894239379;5929;Gather Merge;1;Outer;;1054.892;1056.682;1125.7361580801369;1128.4593915413632;operator
Q4_110_seed_894239379;5928;Aggregate;0;;;1054.895;1056.686;1059.8404074101002;1059.5217054717773;pattern
Q4_121_seed_984483720;6017;Seq Scan;5;Outer;;0.054;165.657;0.2002497814472307;164.88284379259025;operator
Q4_121_seed_984483720;6018;Index Scan;5;Inner;;0.062;0.062;0.061642123788130984;0.061622719110628436;operator
Q4_121_seed_984483720;6016;Nested Loop;4;Outer;;0.296;1063.354;0.6244144276122263;1005.9889999960253;pattern
Q4_121_seed_984483720;6015;Aggregate;3;Outer;;1065.457;1065.458;968.3952835263112;987.9723039480198;operator
Q4_121_seed_984483720;6014;Sort;2;Outer;;1065.476;1065.476;1035.5135124420794;1035.7505144340498;pattern
Q4_121_seed_984483720;6013;Gather Merge;1;Outer;;1069.348;1071.571;1125.7361175012604;1128.4593511577293;operator
Q4_121_seed_984483720;6012;Aggregate;0;;;1069.352;1071.576;1059.6043510496393;1059.365444724;pattern
Q4_138_seed_1123952247;6143;Seq Scan;5;Outer;;0.067;165.324;0.20026939106432995;164.880561702767;operator
Q4_138_seed_1123952247;6144;Index Scan;5;Inner;;0.061;0.061;0.061642123788130984;0.061622719110628436;operator
Q4_138_seed_1123952247;6142;Nested Loop;4;Outer;;0.516;1036.273;0.6242056789617934;1005.9889999960253;pattern
Q4_138_seed_1123952247;6141;Aggregate;3;Outer;;1038.215;1038.216;968.3962383109085;987.9719108446325;operator
Q4_138_seed_1123952247;6140;Sort;2;Outer;;1038.234;1038.234;1035.5131867110495;1035.750642386476;pattern
Q4_138_seed_1123952247;6139;Gather Merge;1;Outer;;1042.161;1043.197;1125.7361131126409;1128.4593467902366;operator
Q4_138_seed_1123952247;6138;Aggregate;0;;;1042.166;1043.202;1059.5641660760368;1059.338849319564;pattern
Q4_142_seed_1156768371;6178;Seq Scan;5;Outer;;0.141;164.284;0.20010128562667184;164.90013642483325;operator
Q4_142_seed_1156768371;6179;Index Scan;5;Inner;;0.064;0.064;0.061642123788130984;0.061622719110628436;operator
Q4_142_seed_1156768371;6177;Nested Loop;4;Outer;;1.093;1082.426;0.6260490753249046;1005.9889999960253;pattern
Q4_142_seed_1156768371;6176;Aggregate;3;Outer;;1084.453;1084.453;968.3880217598917;987.9752967153977;operator
Q4_142_seed_1156768371;6175;Sort;2;Outer;;1084.471;1084.471;1035.5164977325876;1035.7500874624245;pattern
Q4_142_seed_1156768371;6174;Gather Merge;1;Outer;;1086.973;1089.013;1125.7361742676778;1128.4594076510396;operator
Q4_142_seed_1156768371;6173;Aggregate;0;;;1086.977;1089.018;1059.9077657795092;1059.5663046181357;pattern
Q4_148_seed_1205992557;6220;Seq Scan;5;Outer;;0.12;161.299;0.2002926616927439;164.87785400675094;operator
Q4_148_seed_1205992557;6221;Index Scan;5;Inner;;0.061;0.061;0.061642123788130984;0.061622719110628436;operator
Q4_148_seed_1205992557;6219;Nested Loop;4;Outer;;0.728;1044.127;0.6239601086081104;1005.9889999960253;pattern
Q4_148_seed_1205992557;6218;Aggregate;3;Outer;;1046.152;1046.153;968.3973653287769;987.9714470640738;operator
Q4_148_seed_1205992557;6217;Sort;2;Outer;;1046.172;1046.173;1035.512821170914;1035.7508162899314;pattern
Q4_148_seed_1205992557;6216;Gather Merge;1;Outer;;1049.278;1051.373;1125.736108860243;1128.4593425583164;operator
Q4_148_seed_1205992557;6215;Aggregate;0;;;1049.282;1051.378;1059.5164331192682;1059.3072605772898;pattern
Q4_149_seed_1214196588;6227;Seq Scan;5;Outer;;0.148;162.436;0.20017370026041842;164.89170110229313;operator
Q4_149_seed_1214196588;6228;Index Scan;5;Inner;;0.063;0.063;0.061642123788130984;0.061622719110628436;operator
Q4_149_seed_1214196588;6226;Nested Loop;4;Outer;;1.166;1063.582;0.6252371936898964;1005.9889999960253;pattern
Q4_149_seed_1214196588;6225;Aggregate;3;Outer;;1065.764;1065.765;968.3915586849778;987.973839025329;operator
Q4_149_seed_1214196588;6224;Sort;2;Outer;;1065.782;1065.783;1035.5149235084837;1035.7501781424633;pattern
Q4_149_seed_1214196588;6223;Gather Merge;1;Outer;;1068.693;1070.814;1125.7361413495794;1128.459374891291;operator
Q4_149_seed_1214196588;6222;Aggregate;0;;;1068.698;1070.819;1059.7594755274345;1059.468125165838;pattern
Q4_21_seed_164080620;6297;Seq Scan;5;Outer;;0.065;162.096;0.2001804976220357;164.8909095463384;operator
Q4_21_seed_164080620;6298;Index Scan;5;Inner;;0.062;0.062;0.061642123788130984;0.061622719110628436;operator
Q4_21_seed_164080620;6296;Nested Loop;4;Outer;;0.397;1036.449;0.6251620263382582;1005.9889999960253;pattern
Q4_21_seed_164080620;6295;Aggregate;3;Outer;;1038.388;1038.388;968.3918873735527;987.9737037084143;operator
Q4_21_seed_164080620;6294;Sort;2;Outer;;1038.402;1038.402;1035.5147867734806;1035.7501984761675;pattern
Q4_21_seed_164080620;6293;Gather Merge;1;Outer;;1042.847;1044.654;1125.7361387667556;1128.4593723208936;operator
Q4_21_seed_164080620;6292;Aggregate;0;;;1042.851;1044.658;1059.745504549944;1059.4588764653354;pattern
Q4_34_seed_270733023;6395;Seq Scan;5;Outer;;0.07;170.114;0.20035803176482136;164.87025034830415;operator
Q4_34_seed_270733023;6396;Index Scan;5;Inner;;0.064;0.064;0.061642123788130984;0.061622719110628436;operator
Q4_34_seed_270733023;6394;Nested Loop;4;Outer;;0.481;1095.592;0.6232898759194683;1005.9889999960253;pattern
Q4_34_seed_270733023;6393;Aggregate;3;Outer;;1097.545;1097.545;968.4005583778448;987.970132058116;operator
Q4_34_seed_270733023;6392;Sort;2;Outer;;1097.564;1097.564;1035.5119228173028;1035.7514233205343;pattern
Q4_34_seed_270733023;6391;Gather Merge;1;Outer;;1099.645;1102.14;1125.736102395367;1128.4593361246195;operator
Q4_34_seed_270733023;6390;Aggregate;0;;;1099.649;1102.145;1059.3834949967413;1059.2192966594532;pattern
Q4_41_seed_328161240;6451;Seq Scan;5;Outer;;0.22;167.73;0.20021030206569695;164.88743929765434;operator
Q4_41_seed_328161240;6452;Index Scan;5;Inner;;0.064;0.064;0.061642123788130984;0.061622719110628436;operator
Q4_41_seed_328161240;6450;Nested Loop;4;Outer;;1.236;1082.21;0.6248373325652992;1005.9889999960253;pattern
Q4_41_seed_328161240;6449;Aggregate;3;Outer;;1084.308;1084.309;968.3933428786988;987.9731039083829;operator
Q4_41_seed_328161240;6448;Sort;2;Outer;;1084.325;1084.325;1035.514213666626;1035.7503095622865;pattern
Q4_41_seed_328161240;6447;Gather Merge;1;Outer;;1086.389;1088.55;1125.7361285149598;1128.4593621184245;operator
Q4_41_seed_328161240;6446;Aggregate;0;;;1086.393;1088.555;1059.6847223309353;1059.41864129358;pattern
Q4_44_seed_352773333;6472;Seq Scan;5;Outer;;0.061;164.396;0.20014128282833893;164.8954767044481;operator
Q4_44_seed_352773333;6473;Index Scan;5;Inner;;0.062;0.062;0.061642123788130984;0.061622719110628436;operator
Q4_44_seed_352773333;6471;Nested Loop;4;Outer;;0.706;1037.058;0.6255957981004361;1005.9889999960253;pattern
Q4_44_seed_352773333;6470;Aggregate;3;Outer;;1038.997;1038.998;968.3899780241425;987.9744905271618;operator
Q4_44_seed_352773333;6469;Sort;2;Outer;;1039.017;1039.017;1035.5155977067711;1035.7501099996746;pattern
Q4_44_seed_352773333;6468;Gather Merge;1;Outer;;1041.411;1043.639;1125.7361547972741;1128.4593882742925;operator
Q4_44_seed_352773333;6467;Aggregate;0;;;1041.415;1043.644;1059.825530996026;1059.5118561672068;pattern
Q4_5_seed_32816124;6591;Seq Scan;5;Outer;;0.07;163.908;0.20035803176482136;164.87025034830415;operator
Q4_5_seed_32816124;6592;Index Scan;5;Inner;;0.062;0.062;0.061642123788130984;0.061622719110628436;operator
Q4_5_seed_32816124;6590;Nested Loop;4;Outer;;0.325;1055.056;0.6232898759194683;1005.9889999960253;pattern
Q4_5_seed_32816124;6589;Aggregate;3;Outer;;1056.876;1056.877;968.4005583778448;987.970132058116;operator
Q4_5_seed_32816124;6588;Sort;2;Outer;;1056.894;1056.895;1035.5119228173028;1035.7514233205343;pattern
Q4_5_seed_32816124;6587;Gather Merge;1;Outer;;1060.951;1062.915;1125.736102395367;1128.4593361246195;operator
Q4_5_seed_32816124;6586;Aggregate;0;;;1060.955;1062.92;1059.3834949967413;1059.2192966594532;pattern
Q4_64_seed_516853953;6626;Seq Scan;5;Outer;;0.069;165.227;0.20023644715464012;164.88439578268506;operator
Q4_64_seed_516853953;6627;Index Scan;5;Inner;;0.062;0.062;0.061642123788130984;0.061622719110628436;operator
Q4_64_seed_516853953;6625;Nested Loop;4;Outer;;0.546;1053.742;0.6245548121171387;1005.9889999960253;pattern
Q4_64_seed_516853953;6624;Aggregate;3;Outer;;1055.696;1055.697;968.3946262526592;987.9725750984474;operator
Q4_64_seed_516853953;6623;Sort;2;Outer;;1055.714;1055.714;1035.513739624362;1035.7504389131848;pattern
Q4_64_seed_516853953;6622;Gather Merge;1;Outer;;1058.501;1060.664;1125.7361208665309;1128.4593545068026;operator
Q4_64_seed_516853953;6621;Aggregate;0;;;1058.505;1060.668;1059.631186535857;1059.383206020232;pattern
Q4_70_seed_566078139;6675;Seq Scan;5;Outer;;0.07;164.608;0.20021030206569695;164.88743929765434;operator
Q4_70_seed_566078139;6676;Index Scan;5;Inner;;0.06;0.06;0.061642123788130984;0.061622719110628436;operator
Q4_70_seed_566078139;6674;Nested Loop;4;Outer;;0.274;1021.57;0.6248373325652992;1005.9889999960253;pattern
Q4_70_seed_566078139;6673;Aggregate;3;Outer;;1023.534;1023.534;968.3933428786988;987.9731039083829;operator
Q4_70_seed_566078139;6672;Sort;2;Outer;;1023.549;1023.55;1035.514213666626;1035.7503095622865;pattern
Q4_70_seed_566078139;6671;Gather Merge;1;Outer;;1027.414;1029.025;1125.7361285149598;1128.4593621184245;operator
Q4_70_seed_566078139;6670;Aggregate;0;;;1027.417;1029.029;1059.6847223309353;1059.41864129358;pattern
Q4_77_seed_623506356;6724;Seq Scan;5;Outer;;0.274;165.394;0.20020036713877837;164.88859597126157;operator
Q4_77_seed_623506356;6725;Index Scan;5;Inner;;0.064;0.064;0.061642123788130984;0.061622719110628436;operator
Q4_77_seed_623506356;6723;Nested Loop;4;Outer;;1.191;1079.807;0.6249441529346429;1005.9889999960253;pattern
Q4_77_seed_623506356;6722;Aggregate;3;Outer;;1081.778;1081.779;968.3928577294512;987.9733039316761;operator
Q4_77_seed_623506356;6721;Sort;2;Outer;;1081.794;1081.795;1035.5143990340455;1035.750268789894;pattern
Q4_77_seed_623506356;6720;Gather Merge;1;Outer;;1083.973;1086.084;1125.7361317233917;1128.459365311418;operator
Q4_77_seed_623506356;6719;Aggregate;0;;;1083.977;1086.089;1059.7048037124364;1059.431933879969;pattern
Q4_80_seed_648118449;6752;Seq Scan;5;Outer;;0.071;164.289;0.20023984607258177;164.88400016437066;operator
Q4_80_seed_648118449;6753;Index Scan;5;Inner;;0.061;0.061;0.061642123788130984;0.061622719110628436;operator
Q4_80_seed_648118449;6751;Nested Loop;4;Outer;;0.317;1033.069;0.6245179145086235;1005.9889999960253;pattern
Q4_80_seed_648118449;6750;Aggregate;3;Outer;;1035.032;1035.032;968.3947828300693;987.9725108972284;operator
Q4_80_seed_648118449;6749;Sort;2;Outer;;1035.047;1035.048;1035.513679844611;1035.750458499292;pattern
Q4_80_seed_648118449;6748;Gather Merge;1;Outer;;1037.334;1039.516;1125.7361199746597;1128.459353619224;operator
Q4_80_seed_648118449;6747;Aggregate;0;;;1037.337;1039.52;1059.6241584049433;1059.3785543288438;pattern
Q4_82_seed_664526511;6766;Seq Scan;5;Outer;;0.226;167.723;0.2002994599680799;164.87706307307778;operator
Q4_82_seed_664526511;6767;Index Scan;5;Inner;;0.062;0.062;0.061642123788130984;0.061622719110628436;operator
Q4_82_seed_664526511;6765;Nested Loop;4;Outer;;1.103;1056.869;0.62389114169767;1005.9889999960253;pattern
Q4_82_seed_664526511;6764;Aggregate;3;Outer;;1058.817;1058.818;968.3976939924453;987.9713115735051;operator
Q4_82_seed_664526511;6763;Sort;2;Outer;;1058.837;1058.838;1035.5127216509086;1035.7508694454273;pattern
Q4_82_seed_664526511;6762;Gather Merge;1;Outer;;1061.58;1063.537;1125.7361078314045;1128.459341534434;operator
Q4_82_seed_664526511;6761;Aggregate;0;;;1061.584;1063.542;1059.5029377737653;1059.298330028151;pattern
Q4_87_seed_705546666;6801;Seq Scan;5;Outer;;0.055;166.788;0.2002147466760707;164.88692186300196;operator
Q4_87_seed_705546666;6802;Index Scan;5;Inner;;0.062;0.062;0.061642123788130984;0.061622719110628436;operator
Q4_87_seed_705546666;6800;Nested Loop;4;Outer;;1.453;1061.631;0.6247882230295945;1005.9889999960253;pattern
Q4_87_seed_705546666;6799;Aggregate;3;Outer;;1063.823;1063.825;968.3935620051675;987.9730136869284;operator
Q4_87_seed_705546666;6798;Sort;2;Outer;;1063.838;1063.84;1035.5141296839745;1035.7503299187501;pattern
Q4_87_seed_705546666;6797;Gather Merge;1;Outer;;1066.649;1068.752;1125.736127103149;1128.4593607134075;operator
Q4_87_seed_705546666;6796;Aggregate;0;;;1066.653;1068.757;1059.6754608106316;1059.4125109003521;pattern
Q4_91_seed_738362790;6836;Seq Scan;5;Outer;;0.151;162.237;0.2000957959678073;164.9007760903795;operator
Q4_91_seed_738362790;6837;Index Scan;5;Inner;;0.063;0.063;0.061642123788130984;0.061622719110628436;operator
Q4_91_seed_738362790;6835;Nested Loop;4;Outer;;0.705;1046.64;0.6261128345517397;1005.9889999960253;pattern
Q4_91_seed_738362790;6834;Aggregate;3;Outer;;1048.537;1048.538;968.3877556754305;987.9754062077993;operator
Q4_91_seed_738362790;6833;Sort;2;Outer;;1048.554;1048.555;1035.5166283344638;1035.75008960913;pattern
Q4_91_seed_738362790;6832;Gather Merge;1;Outer;;1050.802;1052.935;1125.736177213201;1128.459410582395;operator
Q4_91_seed_738362790;6831;Aggregate;0;;;1050.806;1052.94;1059.9192267162482;1059.5738935593536;pattern
Q4_92_seed_746566821;6843;Seq Scan;5;Outer;;0.071;165.84;0.2002497814472307;164.88284379259025;operator
Q4_92_seed_746566821;6844;Index Scan;5;Inner;;0.06;0.06;0.061642123788130984;0.061622719110628436;operator
Q4_92_seed_746566821;6842;Nested Loop;4;Outer;;0.556;1026.169;0.6244144276122263;1005.9889999960253;pattern
Q4_92_seed_746566821;6841;Aggregate;3;Outer;;1028.133;1028.134;968.3952835263112;987.9723039480198;operator
Q4_92_seed_746566821;6840;Sort;2;Outer;;1028.157;1028.157;1035.5135124420794;1035.7505144340498;pattern
Q4_92_seed_746566821;6839;Gather Merge;1;Outer;;1030.62;1032.956;1125.7361175012604;1128.4593511577293;operator
Q4_92_seed_746566821;6838;Aggregate;0;;;1030.625;1032.961;1059.6043510496393;1059.365444724;pattern
Q5_107_seed_869627286;7057;Seq Scan;13;Outer;;0.084;0.084;0.05186146210476378;13.079574437254479;operator
Q5_107_seed_869627286;7055;Seq Scan;12;Outer;;0.008;0.008;0.05182032088445343;5.243670679962548;operator
Q5_107_seed_869627286;7056;Hash;12;Inner;;0.087;0.087;11.10386993685431;11.104138686953476;operator
Q5_107_seed_869627286;7054;Hash Join;11;Outer;;0.101;0.102;0.8048912293360928;34.7439682841341;pattern
Q5_107_seed_869627286;7052;Seq Scan;10;Outer;;0.543;29.184;0.2058318816781986;32.2636879803311;operator
Q5_107_seed_869627286;7053;Hash;10;Inner;;0.105;0.105;43.47805011642102;43.478550116421005;pattern
Q5_107_seed_869627286;7051;Hash Join;9;Outer;;0.657;30.621;8.463390157812832;58.341505634504244;pattern
Q5_107_seed_869627286;7049;Seq Scan;8;Outer;;0.216;163.895;0.2144678427703403;161.27299061088445;operator
Q5_107_seed_869627286;7050;Hash;8;Inner;;31.623;31.624;120.76520758712951;120.76570758712951;pattern
Q5_107_seed_869627286;7048;Hash Join;7;Outer;;31.985;208.146;60.6404831535546;271.85650906338503;pattern
Q5_107_seed_869627286;7058;Index Scan;7;Inner;;0.068;0.072;0.06972578533394945;0.07240101451381542;operator
Q5_107_seed_869627286;7060;Seq Scan;7;Outer;;0.067;2.203;0.05244914308523696;6.6748852627519;operator
Q5_107_seed_869627286;7047;Nested Loop;6;Outer;;32.212;1026.513;42.26494611052159;1095.2907667744603;operator
Q5_107_seed_869627286;7059;Hash;6;Inner;;2.726;2.726;13.8796673758617;13.880066316298112;operator
Q5_107_seed_869627286;7046;Hash Join;5;Outer;;35.974;1037.268;48.619427144984314;1101.4241817766597;pattern
Q5_107_seed_869627286;7045;Sort;4;Outer;;1037.713;1037.749;1224.6689216564232;1224.689921656423;pattern
Q5_107_seed_869627286;7044;Aggregate;3;Outer;;1037.775;1038.003;1108.3784589481513;1141.088692578215;operator
Q5_107_seed_869627286;7043;Gather Merge;2;Outer;;1041.077;1043.159;1129.9864734871394;1132.6935805799176;operator
Q5_107_seed_869627286;7042;Aggregate;1;Outer;;1041.134;1043.167;1068.079345235375;1066.5033859853595;pattern
Q5_107_seed_869627286;7041;Sort;0;;;1041.311;1043.18;1084.1060981047883;1086.1211852409674;pattern
Q5_110_seed_894239379;7137;Seq Scan;13;Outer;;0.054;0.054;0.05186146210476378;13.079574437254479;operator
Q5_110_seed_894239379;7135;Seq Scan;12;Outer;;0.008;0.008;0.05182032088445343;5.243670679962548;operator
Q5_110_seed_894239379;7136;Hash;12;Inner;;0.056;0.056;11.10386993685431;11.104138686953476;operator
Q5_110_seed_894239379;7134;Hash Join;11;Outer;;0.069;0.071;0.8048912293360928;34.7439682841341;pattern
Q5_110_seed_894239379;7132;Seq Scan;10;Outer;;0.01;29.19;0.2058318816781986;32.2636879803311;operator
Q5_110_seed_894239379;7133;Hash;10;Inner;;0.073;0.074;43.47805011642102;43.478550116421005;pattern
Q5_110_seed_894239379;7131;Hash Join;9;Outer;;0.093;30.618;8.463390157812832;58.341505634504244;pattern
Q5_110_seed_894239379;7129;Seq Scan;8;Outer;;0.258;168.345;0.2143312833549234;161.28888286197693;operator
Q5_110_seed_894239379;7130;Hash;8;Inner;;31.308;31.309;120.76520758712951;120.76570758712951;pattern
Q5_110_seed_894239379;7128;Hash Join;7;Outer;;31.629;212.209;60.640630681648005;271.85650906338503;pattern
Q5_110_seed_894239379;7138;Index Scan;7;Inner;;0.069;0.073;0.06972578533394945;0.07240101451381542;operator
Q5_110_seed_894239379;7140;Seq Scan;7;Outer;;0.084;5.79;0.05244914308523696;6.6748852627519;operator
Q5_110_seed_894239379;7127;Nested Loop;6;Outer;;31.858;1041.342;42.22435855279984;1095.1900876175241;operator
Q5_110_seed_894239379;7139;Hash;6;Inner;;6.3;6.3;13.8796673758617;13.880066316298112;operator
Q5_110_seed_894239379;7126;Hash Join;5;Outer;;39.863;1055.67;48.60874193931064;1101.3546414522175;pattern
Q5_110_seed_894239379;7125;Sort;4;Outer;;1056.108;1056.143;1224.6633569521705;1224.6843569521704;pattern
Q5_110_seed_894239379;7124;Aggregate;3;Outer;;1056.171;1056.388;1108.3762460886999;1141.0860079408935;operator
Q5_110_seed_894239379;7123;Gather Merge;2;Outer;;1059.678;1060.747;1129.9863490178707;1132.693456476098;operator
Q5_110_seed_894239379;7122;Aggregate;1;Outer;;1059.737;1060.756;1068.1262691307109;1066.5344640977228;pattern
Q5_110_seed_894239379;7121;Sort;0;;;1059.911;1060.766;1084.0928292204676;1086.107298000044;pattern
Q5_115_seed_935259534;7237;Seq Scan;13;Outer;;0.133;0.133;0.05186146210476378;13.079574437254479;operator
Q5_115_seed_935259534;7235;Seq Scan;12;Outer;;0.008;0.009;0.05182032088445343;5.243670679962548;operator
Q5_115_seed_935259534;7236;Hash;12;Inner;;0.136;0.136;11.10386993685431;11.104138686953476;operator
Q5_115_seed_935259534;7234;Hash Join;11;Outer;;0.152;0.153;0.8048912293360928;34.7439682841341;pattern
Q5_115_seed_935259534;7232;Seq Scan;10;Outer;;0.01;30.141;0.2058318816781986;32.2636879803311;operator
Q5_115_seed_935259534;7233;Hash;10;Inner;;0.154;0.155;43.47805011642102;43.478550116421005;pattern
Q5_115_seed_935259534;7231;Hash Join;9;Outer;;0.174;31.808;8.463390157812832;58.341505634504244;pattern
Q5_115_seed_935259534;7229;Seq Scan;8;Outer;;0.259;165.83;0.2144678427703403;161.27299061088445;operator
Q5_115_seed_935259534;7230;Hash;8;Inner;;32.517;32.518;120.76520758712951;120.76570758712951;pattern
Q5_115_seed_935259534;7228;Hash Join;7;Outer;;32.835;211.763;60.6404831535546;271.85650906338503;pattern
Q5_115_seed_935259534;7238;Index Scan;7;Inner;;0.067;0.071;0.06972578533394945;0.07240101451381542;operator
Q5_115_seed_935259534;7240;Seq Scan;7;Outer;;0.085;3.498;0.05244914308523696;6.6748852627519;operator
Q5_115_seed_935259534;7227;Nested Loop;6;Outer;;33.067;1030.845;42.26494611052159;1095.2907667744603;operator
Q5_115_seed_935259534;7239;Hash;6;Inner;;4.053;4.053;13.8796673758617;13.880066316298112;operator
Q5_115_seed_935259534;7226;Hash Join;5;Outer;;37.736;1043.022;48.619427144984314;1101.4241817766597;pattern
Q5_115_seed_935259534;7225;Sort;4;Outer;;1043.47;1043.505;1224.6689216564232;1224.689921656423;pattern
Q5_115_seed_935259534;7224;Aggregate;3;Outer;;1043.529;1043.753;1108.3784589481513;1141.088692578215;operator
Q5_115_seed_935259534;7223;Gather Merge;2;Outer;;1047.234;1049.385;1129.9864734871394;1132.6935805799176;operator
Q5_115_seed_935259534;7222;Aggregate;1;Outer;;1047.298;1049.394;1068.079345235375;1066.5033859853595;pattern
Q5_115_seed_935259534;7221;Sort;0;;;1047.497;1049.405;1084.1060981047883;1086.1211852409674;pattern
Q5_118_seed_959871627;7297;Seq Scan;13;Outer;;0.038;0.039;0.05186146210476378;13.079574437254479;operator
Q5_118_seed_959871627;7295;Seq Scan;12;Outer;;0.008;0.009;0.05182032088445343;5.243670679962548;operator
Q5_118_seed_959871627;7296;Hash;12;Inner;;0.041;0.041;11.10386993685431;11.104138686953476;operator
Q5_118_seed_959871627;7294;Hash Join;11;Outer;;0.055;0.056;0.8048912293360928;34.7439682841341;pattern
Q5_118_seed_959871627;7292;Seq Scan;10;Outer;;0.282;32.787;0.2058318816781986;32.2636879803311;operator
Q5_118_seed_959871627;7293;Hash;10;Inner;;0.059;0.06;43.47805011642102;43.478550116421005;pattern
Q5_118_seed_959871627;7291;Hash Join;9;Outer;;0.353;34.334;8.463390157812832;58.341505634504244;pattern
Q5_118_seed_959871627;7289;Seq Scan;8;Outer;;0.278;167.225;0.2143312833549234;161.28888286197693;operator
Q5_118_seed_959871627;7290;Hash;8;Inner;;35.0;35.001;120.76520758712951;120.76570758712951;pattern
Q5_118_seed_959871627;7288;Hash Join;7;Outer;;35.334;215.003;60.640630681648005;271.85650906338503;pattern
Q5_118_seed_959871627;7298;Index Scan;7;Inner;;0.068;0.072;0.06972578533394945;0.07240101451381542;operator
Q5_118_seed_959871627;7300;Seq Scan;7;Outer;;0.081;2.203;0.05244914308523696;6.6748852627519;operator
Q5_118_seed_959871627;7287;Nested Loop;6;Outer;;35.581;1040.874;42.22435855279984;1095.1900876175241;operator
Q5_118_seed_959871627;7299;Hash;6;Inner;;2.729;2.729;13.8796673758617;13.880066316298112;operator
Q5_118_seed_959871627;7286;Hash Join;5;Outer;;39.936;1051.66;48.60874193931064;1101.3546414522175;pattern
Q5_118_seed_959871627;7285;Sort;4;Outer;;1052.117;1052.152;1224.6633569521705;1224.6843569521704;pattern
Q5_118_seed_959871627;7284;Aggregate;3;Outer;;1052.184;1052.406;1108.3762460886999;1141.0860079408935;operator
Q5_118_seed_959871627;7283;Gather Merge;2;Outer;;1055.381;1057.499;1129.9863490178707;1132.693456476098;operator
Q5_118_seed_959871627;7282;Aggregate;1;Outer;;1055.432;1057.507;1068.1262691307109;1066.5344640977228;pattern
Q5_118_seed_959871627;7281;Sort;0;;;1055.584;1057.519;1084.0928292204676;1086.107298000044;pattern
Q5_123_seed_1000891782;7417;Seq Scan;13;Outer;;0.055;0.055;0.05186146210476378;13.079574437254479;operator
Q5_123_seed_1000891782;7415;Seq Scan;12;Outer;;0.01;0.011;0.05182032088445343;5.243670679962548;operator
Q5_123_seed_1000891782;7416;Hash;12;Inner;;0.057;0.057;11.10386993685431;11.104138686953476;operator
Q5_123_seed_1000891782;7414;Hash Join;11;Outer;;0.072;0.074;0.8048912293360928;34.7439682841341;pattern
Q5_123_seed_1000891782;7412;Seq Scan;10;Outer;;0.201;32.062;0.2058318816781986;32.2636879803311;operator
Q5_123_seed_1000891782;7413;Hash;10;Inner;;0.077;0.077;43.47805011642102;43.478550116421005;pattern
Q5_123_seed_1000891782;7411;Hash Join;9;Outer;;0.288;33.487;8.463390157812832;58.341505634504244;pattern
Q5_123_seed_1000891782;7409;Seq Scan;8;Outer;;0.266;166.207;0.21462525207225208;161.25466818702265;operator
Q5_123_seed_1000891782;7410;Hash;8;Inner;;34.135;34.136;120.76520758712951;120.76570758712951;pattern
Q5_123_seed_1000891782;7408;Hash Join;7;Outer;;34.456;212.871;60.640310592992805;271.85650906338503;pattern
Q5_123_seed_1000891782;7418;Index Scan;7;Inner;;0.069;0.073;0.06972578533394945;0.07240101451381542;operator
Q5_123_seed_1000891782;7420;Seq Scan;7;Outer;;0.083;2.961;0.05244914308523696;6.6748852627519;operator
Q5_123_seed_1000891782;7407;Nested Loop;6;Outer;;34.696;1044.48;42.31303295649812;1095.4083805789192;operator
Q5_123_seed_1000891782;7419;Hash;6;Inner;;3.484;3.484;13.8796673758617;13.880066316298112;operator
Q5_123_seed_1000891782;7406;Hash Join;5;Outer;;38.573;1055.99;48.631951252896;1101.5057499749184;pattern
Q5_123_seed_1000891782;7405;Sort;4;Outer;;1056.466;1056.499;1224.675453131269;1224.696453131269;pattern
Q5_123_seed_1000891782;7404;Aggregate;3;Outer;;1056.534;1056.756;1108.3810371133538;1141.0918392946187;operator
Q5_123_seed_1000891782;7403;Gather Merge;2;Outer;;1060.049;1062.295;1129.986618992147;1132.6937256578408;operator
Q5_123_seed_1000891782;7402;Aggregate;1;Outer;;1060.112;1062.303;1068.0243529675886;1066.4669674293857;pattern
Q5_123_seed_1000891782;7401;Sort;0;;;1060.292;1062.315;1084.1216785560246;1086.1374907859315;pattern
Q5_134_seed_1091136123;7657;Seq Scan;13;Outer;;0.047;0.047;0.05186146210476378;13.079574437254479;operator
Q5_134_seed_1091136123;7655;Seq Scan;12;Outer;;0.009;0.01;0.05182032088445343;5.243670679962548;operator
Q5_134_seed_1091136123;7656;Hash;12;Inner;;0.05;0.05;11.10386993685431;11.104138686953476;operator
Q5_134_seed_1091136123;7654;Hash Join;11;Outer;;0.065;0.066;0.8048912293360928;34.7439682841341;pattern
Q5_134_seed_1091136123;7652;Seq Scan;10;Outer;;0.013;34.801;0.2058318816781986;32.2636879803311;operator
Q5_134_seed_1091136123;7653;Hash;10;Inner;;0.069;0.07;43.47805011642102;43.478550116421005;pattern
Q5_134_seed_1091136123;7651;Hash Join;9;Outer;;0.092;36.2;8.463390157812832;58.341505634504244;pattern
Q5_134_seed_1091136123;7649;Seq Scan;8;Outer;;0.253;168.21;0.21437888811620048;161.2833431317694;operator
Q5_134_seed_1091136123;7650;Hash;8;Inner;;36.875;36.876;120.76520758712951;120.76570758712951;pattern
Q5_134_seed_1091136123;7648;Hash Join;7;Outer;;37.241;217.837;60.640577778959326;271.85650906338503;pattern
Q5_134_seed_1091136123;7658;Index Scan;7;Inner;;0.07;0.074;0.06972578533394945;0.07240101451381542;operator
Q5_134_seed_1091136123;7660;Seq Scan;7;Outer;;0.083;4.2;0.05244914308523696;6.6748852627519;operator
Q5_134_seed_1091136123;7647;Nested Loop;6;Outer;;37.45;1062.379;42.239358338416494;1095.2257410959662;operator
Q5_134_seed_1091136123;7659;Hash;6;Inner;;4.747;4.747;13.8796673758617;13.880066316298112;operator
Q5_134_seed_1091136123;7646;Hash Join;5;Outer;;43.222;1076.333;48.61259083431075;1101.379663827978;pattern
Q5_134_seed_1091136123;7645;Sort;4;Outer;;1076.793;1076.831;1224.6653595065857;1224.6863595065856;pattern
Q5_134_seed_1091136123;7644;Aggregate;3;Outer;;1076.862;1077.108;1108.3770343246565;1141.086972214144;operator
Q5_134_seed_1091136123;7643;Gather Merge;2;Outer;;1081.138;1083.293;1129.9863935607266;1132.6935008882233;operator
Q5_134_seed_1091136123;7642;Aggregate;1;Outer;;1081.2;1083.301;1068.1094052702206;1066.5232946311653;pattern
Q5_134_seed_1091136123;7641;Sort;0;;;1081.393;1083.315;1084.0975951326825;1086.1122861027984;pattern
Q5_144_seed_1173176433;7877;Seq Scan;13;Outer;;0.086;0.086;0.05186146210476378;13.079574437254479;operator
Q5_144_seed_1173176433;7875;Seq Scan;12;Outer;;0.007;0.007;0.05182032088445343;5.243670679962548;operator
Q5_144_seed_1173176433;7876;Hash;12;Inner;;0.088;0.088;11.10386993685431;11.104138686953476;operator
Q5_144_seed_1173176433;7874;Hash Join;11;Outer;;0.099;0.101;0.8048912293360928;34.7439682841341;pattern
Q5_144_seed_1173176433;7872;Seq Scan;10;Outer;;0.381;32.956;0.2058318816781986;32.2636879803311;operator
Q5_144_seed_1173176433;7873;Hash;10;Inner;;0.104;0.105;43.47805011642102;43.478550116421005;pattern
Q5_144_seed_1173176433;7871;Hash Join;9;Outer;;0.494;34.424;8.463390157812832;58.341505634504244;pattern
Q5_144_seed_1173176433;7869;Seq Scan;8;Outer;;0.539;166.332;0.21437888811620048;161.2833431317694;operator
Q5_144_seed_1173176433;7870;Hash;8;Inner;;35.193;35.194;120.76520758712951;120.76570758712951;pattern
Q5_144_seed_1173176433;7868;Hash Join;7;Outer;;36.626;215.05;60.640577778959326;271.85650906338503;pattern
Q5_144_seed_1173176433;7878;Index Scan;7;Inner;;0.071;0.075;0.06972578533394945;0.07240101451381542;operator
Q5_144_seed_1173176433;7880;Seq Scan;7;Outer;;0.084;3.168;0.05244914308523696;6.6748852627519;operator
Q5_144_seed_1173176433;7867;Nested Loop;6;Outer;;36.806;1064.207;42.239358338416494;1095.2257410959662;operator
Q5_144_seed_1173176433;7879;Hash;6;Inner;;3.677;3.678;13.8796673758617;13.880066316298112;operator
Q5_144_seed_1173176433;7866;Hash Join;5;Outer;;41.554;1076.766;48.61259083431075;1101.379663827978;pattern
Q5_144_seed_1173176433;7865;Sort;4;Outer;;1077.2;1077.237;1224.6653595065857;1224.6863595065856;pattern
Q5_144_seed_1173176433;7864;Aggregate;3;Outer;;1077.264;1077.482;1108.3770343246565;1141.086972214144;operator
Q5_144_seed_1173176433;7863;Gather Merge;2;Outer;;1080.306;1082.454;1129.9863935607266;1132.6935008882233;operator
Q5_144_seed_1173176433;7862;Aggregate;1;Outer;;1080.379;1082.465;1068.1094052702206;1066.5232946311653;pattern
Q5_144_seed_1173176433;7861;Sort;0;;;1080.519;1082.474;1084.0975951326825;1086.1122861027984;pattern
Q5_147_seed_1197788526;7937;Seq Scan;13;Outer;;0.044;0.044;0.05186146210476378;13.079574437254479;operator
Q5_147_seed_1197788526;7935;Seq Scan;12;Outer;;0.009;0.009;0.05182032088445343;5.243670679962548;operator
Q5_147_seed_1197788526;7936;Hash;12;Inner;;0.047;0.047;11.10386993685431;11.104138686953476;operator
Q5_147_seed_1197788526;7934;Hash Join;11;Outer;;0.06;0.062;0.8048912293360928;34.7439682841341;pattern
Q5_147_seed_1197788526;7932;Seq Scan;10;Outer;;0.011;31.517;0.2058318816781986;32.2636879803311;operator
Q5_147_seed_1197788526;7933;Hash;10;Inner;;0.065;0.066;43.47805011642102;43.478550116421005;pattern
Q5_147_seed_1197788526;7931;Hash Join;9;Outer;;0.086;32.927;8.463390157812832;58.341505634504244;pattern
Q5_147_seed_1197788526;7929;Seq Scan;8;Outer;;0.26;167.522;0.2142886196782997;161.29384731620644;operator
Q5_147_seed_1197788526;7930;Hash;8;Inner;;33.541;33.542;120.76520758712951;120.76570758712951;pattern
Q5_147_seed_1197788526;7928;Hash Join;7;Outer;;34.083;215.217;60.640675981522364;271.85650906338503;pattern
Q5_147_seed_1197788526;7938;Index Scan;7;Inner;;0.07;0.074;0.06972578533394945;0.07240101451381542;operator
Q5_147_seed_1197788526;7940;Seq Scan;7;Outer;;0.076;5.041;0.05244914308523696;6.6748852627519;operator
Q5_147_seed_1197788526;7927;Nested Loop;6;Outer;;35.019;1061.227;42.21227379126408;1095.159042645051;operator
Q5_147_seed_1197788526;7939;Hash;6;Inner;;5.567;5.567;13.8796673758617;13.880066316298112;operator
Q5_147_seed_1197788526;7926;Hash Join;5;Outer;;41.853;1074.873;48.60547292205619;1101.3333631676348;pattern
Q5_147_seed_1197788526;7925;Sort;4;Outer;;1075.344;1075.38;1224.661655280352;1224.682655280352;pattern
Q5_147_seed_1197788526;7924;Aggregate;3;Outer;;1075.413;1075.635;1108.3755609914258;1141.085185079716;operator
Q5_147_seed_1197788526;7923;Gather Merge;2;Outer;;1078.698;1080.793;1129.9863106965993;1132.6934182673938;operator
Q5_147_seed_1197788526;7922;Aggregate;1;Outer;;1078.767;1080.802;1068.140648764515;1066.54398833402;pattern
Q5_147_seed_1197788526;7921;Sort;0;;;1078.957;1080.815;1084.0887677217966;1086.1030470725173;pattern
Q5_148_seed_1205992557;7957;Seq Scan;13;Outer;;0.054;0.054;0.05186146210476378;13.079574437254479;operator
Q5_148_seed_1205992557;7955;Seq Scan;12;Outer;;0.014;0.015;0.05182032088445343;5.243670679962548;operator
Q5_148_seed_1205992557;7956;Hash;12;Inner;;0.059;0.059;11.10386993685431;11.104138686953476;operator
Q5_148_seed_1205992557;7954;Hash Join;11;Outer;;0.085;0.087;0.8048912293360928;34.7439682841341;pattern
Q5_148_seed_1205992557;7952;Seq Scan;10;Outer;;0.545;28.335;0.2058318816781986;32.2636879803311;operator
Q5_148_seed_1205992557;7953;Hash;10;Inner;;0.093;0.094;43.47805011642102;43.478550116421005;pattern
Q5_148_seed_1205992557;7951;Hash Join;9;Outer;;0.658;30.317;8.463390157812832;58.341505634504244;pattern
Q5_148_seed_1205992557;7949;Seq Scan;8;Outer;;0.221;164.69;0.21437888811620048;161.2833431317694;operator
Q5_148_seed_1205992557;7950;Hash;8;Inner;;31.629;31.63;120.76520758712951;120.76570758712951;pattern
Q5_148_seed_1205992557;7948;Hash Join;7;Outer;;31.917;208.52;60.640577778959326;271.85650906338503;pattern
Q5_148_seed_1205992557;7958;Index Scan;7;Inner;;0.068;0.072;0.06972578533394945;0.07240101451381542;operator
Q5_148_seed_1205992557;7960;Seq Scan;7;Outer;;0.105;2.894;0.05244914308523696;6.6748852627519;operator
Q5_148_seed_1205992557;7947;Nested Loop;6;Outer;;32.134;1017.943;42.239358338416494;1095.2257410959662;operator
Q5_148_seed_1205992557;7959;Hash;6;Inner;;3.825;3.825;13.8796673758617;13.880066316298112;operator
Q5_148_seed_1205992557;7946;Hash Join;5;Outer;;37.812;1029.653;48.61259083431075;1101.379663827978;pattern
Q5_148_seed_1205992557;7945;Sort;4;Outer;;1030.13;1030.165;1224.6653595065857;1224.6863595065856;pattern
Q5_148_seed_1205992557;7944;Aggregate;3;Outer;;1030.198;1030.434;1108.3770343246565;1141.086972214144;operator
Q5_148_seed_1205992557;7943;Gather Merge;2;Outer;;1034.136;1036.912;1129.9863935607266;1132.6935008882233;operator
Q5_148_seed_1205992557;7942;Aggregate;1;Outer;;1034.2;1036.922;1068.1094052702206;1066.5232946311653;pattern
Q5_148_seed_1205992557;7941;Sort;0;;;1034.411;1036.97;1084.0975951326825;1086.1122861027984;pattern
Q5_149_seed_1214196588;7977;Seq Scan;13;Outer;;0.538;0.538;0.05186146210476378;13.079574437254479;operator
Q5_149_seed_1214196588;7975;Seq Scan;12;Outer;;0.008;0.009;0.05182032088445343;5.243670679962548;operator
Q5_149_seed_1214196588;7976;Hash;12;Inner;;0.541;0.541;11.10386993685431;11.104138686953476;operator
Q5_149_seed_1214196588;7974;Hash Join;11;Outer;;0.553;0.555;0.8048912293360928;34.7439682841341;pattern
Q5_149_seed_1214196588;7972;Seq Scan;10;Outer;;0.013;37.491;0.2058318816781986;32.2636879803311;operator
Q5_149_seed_1214196588;7973;Hash;10;Inner;;0.558;0.559;43.47805011642102;43.478550116421005;pattern
Q5_149_seed_1214196588;7971;Hash Join;9;Outer;;0.58;39.396;8.463390157812832;58.341505634504244;pattern
Q5_149_seed_1214196588;7969;Seq Scan;8;Outer;;0.21;167.283;0.2142886196782997;161.29384731620644;operator
Q5_149_seed_1214196588;7970;Hash;8;Inner;;40.075;40.076;120.76520758712951;120.76570758712951;pattern
Q5_149_seed_1214196588;7968;Hash Join;7;Outer;;40.626;220.24;60.640675981522364;271.85650906338503;pattern
Q5_149_seed_1214196588;7978;Index Scan;7;Inner;;0.07;0.074;0.06972578533394945;0.07240101451381542;operator
Q5_149_seed_1214196588;7980;Seq Scan;7;Outer;;0.08;2.764;0.05244914308523696;6.6748852627519;operator
Q5_149_seed_1214196588;7967;Nested Loop;6;Outer;;40.873;1062.245;42.21227379126408;1095.159042645051;operator
Q5_149_seed_1214196588;7979;Hash;6;Inner;;3.315;3.315;13.8796673758617;13.880066316298112;operator
Q5_149_seed_1214196588;7966;Hash Join;5;Outer;;45.786;1073.718;48.60547292205619;1101.3333631676348;pattern
Q5_149_seed_1214196588;7965;Sort;4;Outer;;1074.186;1074.219;1224.661655280352;1224.682655280352;pattern
Q5_149_seed_1214196588;7964;Aggregate;3;Outer;;1074.254;1074.492;1108.3755609914258;1141.085185079716;operator
Q5_149_seed_1214196588;7963;Gather Merge;2;Outer;;1077.475;1079.85;1129.9863106965993;1132.6934182673938;operator
Q5_149_seed_1214196588;7962;Aggregate;1;Outer;;1077.543;1079.859;1068.140648764515;1066.54398833402;pattern
Q5_149_seed_1214196588;7961;Sort;0;;;1077.76;1079.873;1084.0887677217966;1086.1030470725173;pattern
Q5_31_seed_246120930;8397;Seq Scan;13;Outer;;0.056;0.056;0.05186146210476378;13.079574437254479;operator
Q5_31_seed_246120930;8395;Seq Scan;12;Outer;;0.009;0.01;0.05182032088445343;5.243670679962548;operator
Q5_31_seed_246120930;8396;Hash;12;Inner;;0.059;0.059;11.10386993685431;11.104138686953476;operator
Q5_31_seed_246120930;8394;Hash Join;11;Outer;;0.077;0.079;0.8048912293360928;34.7439682841341;pattern
Q5_31_seed_246120930;8392;Seq Scan;10;Outer;;0.013;32.497;0.2058318816781986;32.2636879803311;operator
Q5_31_seed_246120930;8393;Hash;10;Inner;;0.081;0.082;43.47805011642102;43.478550116421005;pattern
Q5_31_seed_246120930;8391;Hash Join;9;Outer;;0.105;34.083;8.463390157812832;58.341505634504244;pattern
Q5_31_seed_246120930;8389;Seq Scan;8;Outer;;0.196;168.093;0.21462525207225208;161.25466818702265;operator
Q5_31_seed_246120930;8390;Hash;8;Inner;;34.866;34.868;120.76520758712951;120.76570758712951;pattern
Q5_31_seed_246120930;8388;Hash Join;7;Outer;;35.859;216.831;60.640310592992805;271.85650906338503;pattern
Q5_31_seed_246120930;8398;Index Scan;7;Inner;;0.069;0.073;0.06972578533394945;0.07240101451381542;operator
Q5_31_seed_246120930;8400;Seq Scan;7;Outer;;0.085;3.724;0.05244914308523696;6.6748852627519;operator
Q5_31_seed_246120930;8387;Nested Loop;6;Outer;;36.004;1054.603;42.31303295649812;1095.4083805789192;operator
Q5_31_seed_246120930;8399;Hash;6;Inner;;4.26;4.26;13.8796673758617;13.880066316298112;operator
Q5_31_seed_246120930;8386;Hash Join;5;Outer;;42.688;1066.897;48.631951252896;1101.5057499749184;pattern
Q5_31_seed_246120930;8385;Sort;4;Outer;;1067.357;1067.396;1224.675453131269;1224.696453131269;pattern
Q5_31_seed_246120930;8384;Aggregate;3;Outer;;1067.426;1067.659;1108.3810371133538;1141.0918392946187;operator
Q5_31_seed_246120930;8383;Gather Merge;2;Outer;;1072.493;1074.758;1129.986618992147;1132.6937256578408;operator
Q5_31_seed_246120930;8382;Aggregate;1;Outer;;1072.558;1074.772;1068.0243529675886;1066.4669674293857;pattern
Q5_31_seed_246120930;8381;Sort;0;;;1072.744;1074.787;1084.1216785560246;1086.1374907859315;pattern
Q5_3_seed_16408062;8577;Seq Scan;13;Outer;;0.054;0.054;0.05186146210476378;13.079574437254479;operator
Q5_3_seed_16408062;8575;Seq Scan;12;Outer;;0.008;0.008;0.05182032088445343;5.243670679962548;operator
Q5_3_seed_16408062;8576;Hash;12;Inner;;0.056;0.056;11.10386993685431;11.104138686953476;operator
Q5_3_seed_16408062;8574;Hash Join;11;Outer;;0.07;0.071;0.8048912293360928;34.7439682841341;pattern
Q5_3_seed_16408062;8572;Seq Scan;10;Outer;;0.01;31.389;0.2058318816781986;32.2636879803311;operator
Q5_3_seed_16408062;8573;Hash;10;Inner;;0.074;0.074;43.47805011642102;43.478550116421005;pattern
Q5_3_seed_16408062;8571;Hash Join;9;Outer;;0.094;32.879;8.463390157812832;58.341505634504244;pattern
Q5_3_seed_16408062;8569;Seq Scan;8;Outer;;0.255;170.687;0.2144678427703403;161.27299061088445;operator
Q5_3_seed_16408062;8570;Hash;8;Inner;;33.555;33.556;120.76520758712951;120.76570758712951;pattern
Q5_3_seed_16408062;8568;Hash Join;7;Outer;;34.144;217.098;60.6404831535546;271.85650906338503;pattern
Q5_3_seed_16408062;8578;Index Scan;7;Inner;;0.07;0.074;0.06972578533394945;0.07240101451381542;operator
Q5_3_seed_16408062;8580;Seq Scan;7;Outer;;0.085;6.96;0.05244914308523696;6.6748852627519;operator
Q5_3_seed_16408062;8567;Nested Loop;6;Outer;;34.38;1057.071;42.26494611052159;1095.2907667744603;operator
Q5_3_seed_16408062;8579;Hash;6;Inner;;7.471;7.472;13.8796673758617;13.880066316298112;operator
Q5_3_seed_16408062;8566;Hash Join;5;Outer;;43.087;1072.557;48.619427144984314;1101.4241817766597;pattern
Q5_3_seed_16408062;8565;Sort;4;Outer;;1073.001;1073.036;1224.6689216564232;1224.689921656423;pattern
Q5_3_seed_16408062;8564;Aggregate;3;Outer;;1073.062;1073.289;1108.3784589481513;1141.088692578215;operator
Q5_3_seed_16408062;8563;Gather Merge;2;Outer;;1077.151;1078.416;1129.9864734871394;1132.6935805799176;operator
Q5_3_seed_16408062;8562;Aggregate;1;Outer;;1077.224;1078.425;1068.079345235375;1066.5033859853595;pattern
Q5_3_seed_16408062;8561;Sort;0;;;1077.423;1078.437;1084.1060981047883;1086.1211852409674;pattern
Q5_56_seed_451221705;8937;Seq Scan;13;Outer;;0.05;0.05;0.05186146210476378;13.079574437254479;operator
Q5_56_seed_451221705;8935;Seq Scan;12;Outer;;0.012;0.012;0.05182032088445343;5.243670679962548;operator
Q5_56_seed_451221705;8936;Hash;12;Inner;;0.053;0.053;11.10386993685431;11.104138686953476;operator
Q5_56_seed_451221705;8934;Hash Join;11;Outer;;0.071;0.072;0.8048912293360928;34.7439682841341;pattern
Q5_56_seed_451221705;8932;Seq Scan;10;Outer;;0.013;36.484;0.2058318816781986;32.2636879803311;operator
Q5_56_seed_451221705;8933;Hash;10;Inner;;0.074;0.075;43.47805011642102;43.478550116421005;pattern
Q5_56_seed_451221705;8931;Hash Join;9;Outer;;0.096;37.92;8.463390157812832;58.341505634504244;pattern
Q5_56_seed_451221705;8929;Seq Scan;8;Outer;;0.113;168.272;0.2144678427703403;161.27299061088445;operator
Q5_56_seed_451221705;8930;Hash;8;Inner;;38.784;38.785;120.76520758712951;120.76570758712951;pattern
Q5_56_seed_451221705;8928;Hash Join;7;Outer;;41.281;222.356;60.6404831535546;271.85650906338503;pattern
Q5_56_seed_451221705;8938;Index Scan;7;Inner;;0.069;0.073;0.06972578533394945;0.07240101451381542;operator
Q5_56_seed_451221705;8940;Seq Scan;7;Outer;;0.09;5.037;0.05244914308523696;6.6748852627519;operator
Q5_56_seed_451221705;8927;Nested Loop;6;Outer;;41.44;1057.74;42.26494611052159;1095.2907667744603;operator
Q5_56_seed_451221705;8939;Hash;6;Inner;;5.559;5.559;13.8796673758617;13.880066316298112;operator
Q5_56_seed_451221705;8926;Hash Join;5;Outer;;50.217;1071.628;48.619427144984314;1101.4241817766597;pattern
Q5_56_seed_451221705;8925;Sort;4;Outer;;1072.136;1072.171;1224.6689216564232;1224.689921656423;pattern
Q5_56_seed_451221705;8924;Aggregate;3;Outer;;1072.206;1072.448;1108.3784589481513;1141.088692578215;operator
Q5_56_seed_451221705;8923;Gather Merge;2;Outer;;1075.287;1077.227;1129.9864734871394;1132.6935805799176;operator
Q5_56_seed_451221705;8922;Aggregate;1;Outer;;1075.343;1077.235;1068.079345235375;1066.5033859853595;pattern
Q5_56_seed_451221705;8921;Sort;0;;;1075.519;1077.245;1084.1060981047883;1086.1211852409674;pattern
Q5_60_seed_484037829;9037;Seq Scan;13;Outer;;0.105;0.106;0.05186146210476378;13.079574437254479;operator
Q5_60_seed_484037829;9035;Seq Scan;12;Outer;;0.007;0.008;0.05182032088445343;5.243670679962548;operator
Q5_60_seed_484037829;9036;Hash;12;Inner;;0.109;0.109;11.10386993685431;11.104138686953476;operator
Q5_60_seed_484037829;9034;Hash Join;11;Outer;;0.122;0.124;0.8048912293360928;34.7439682841341;pattern
Q5_60_seed_484037829;9032;Seq Scan;10;Outer;;0.367;32.697;0.2058318816781986;32.2636879803311;operator
Q5_60_seed_484037829;9033;Hash;10;Inner;;0.127;0.128;43.47805011642102;43.478550116421005;pattern
Q5_60_seed_484037829;9031;Hash Join;9;Outer;;0.504;34.704;8.463390157812832;58.341505634504244;pattern
Q5_60_seed_484037829;9029;Seq Scan;8;Outer;;0.164;166.866;0.2144678427703403;161.27299061088445;operator
Q5_60_seed_484037829;9030;Hash;8;Inner;;35.573;35.574;120.76520758712951;120.76570758712951;pattern
Q5_60_seed_484037829;9028;Hash Join;7;Outer;;36.424;216.844;60.6404831535546;271.85650906338503;pattern
Q5_60_seed_484037829;9038;Index Scan;7;Inner;;0.069;0.073;0.06972578533394945;0.07240101451381542;operator
Q5_60_seed_484037829;9040;Seq Scan;7;Outer;;0.092;2.175;0.05244914308523696;6.6748852627519;operator
Q5_60_seed_484037829;9027;Nested Loop;6;Outer;;36.61;1046.743;42.26494611052159;1095.2907667744603;operator
Q5_60_seed_484037829;9039;Hash;6;Inner;;2.69;2.69;13.8796673758617;13.880066316298112;operator
Q5_60_seed_484037829;9026;Hash Join;5;Outer;;40.193;1057.475;48.619427144984314;1101.4241817766597;pattern
Q5_60_seed_484037829;9025;Sort;4;Outer;;1057.898;1057.931;1224.6689216564232;1224.689921656423;pattern
Q5_60_seed_484037829;9024;Aggregate;3;Outer;;1057.965;1058.172;1108.3784589481513;1141.088692578215;operator
Q5_60_seed_484037829;9023;Gather Merge;2;Outer;;1062.334;1063.286;1129.9864734871394;1132.6935805799176;operator
Q5_60_seed_484037829;9022;Aggregate;1;Outer;;1062.388;1063.296;1068.079345235375;1066.5033859853595;pattern
Q5_60_seed_484037829;9021;Sort;0;;;1062.547;1063.311;1084.1060981047883;1086.1211852409674;pattern
Q5_69_seed_557874108;9217;Seq Scan;13;Outer;;0.051;0.051;0.05186146210476378;13.079574437254479;operator
Q5_69_seed_557874108;9215;Seq Scan;12;Outer;;0.008;0.008;0.05182032088445343;5.243670679962548;operator
Q5_69_seed_557874108;9216;Hash;12;Inner;;0.054;0.054;11.10386993685431;11.104138686953476;operator
Q5_69_seed_557874108;9214;Hash Join;11;Outer;;0.068;0.069;0.8048912293360928;34.7439682841341;pattern
Q5_69_seed_557874108;9212;Seq Scan;10;Outer;;0.011;29.182;0.2058318816781986;32.2636879803311;operator
Q5_69_seed_557874108;9213;Hash;10;Inner;;0.072;0.073;43.47805011642102;43.478550116421005;pattern
Q5_69_seed_557874108;9211;Hash Join;9;Outer;;0.093;30.63;8.463390157812832;58.341505634504244;pattern
Q5_69_seed_557874108;9209;Seq Scan;8;Outer;;0.198;165.72;0.2143312833549234;161.28888286197693;operator
Q5_69_seed_557874108;9210;Hash;8;Inner;;31.434;31.435;120.76520758712951;120.76570758712951;pattern
Q5_69_seed_557874108;9208;Hash Join;7;Outer;;32.258;210.546;60.640630681648005;271.85650906338503;pattern
Q5_69_seed_557874108;9218;Index Scan;7;Inner;;0.067;0.071;0.06972578533394945;0.07240101451381542;operator
Q5_69_seed_557874108;9220;Seq Scan;7;Outer;;0.1;2.254;0.05244914308523696;6.6748852627519;operator
Q5_69_seed_557874108;9207;Nested Loop;6;Outer;;32.425;1033.704;42.22435855279984;1095.1900876175241;operator
Q5_69_seed_557874108;9219;Hash;6;Inner;;2.772;2.773;13.8796673758617;13.880066316298112;operator
Q5_69_seed_557874108;9206;Hash Join;5;Outer;;35.695;1044.729;48.60874193931064;1101.3546414522175;pattern
Q5_69_seed_557874108;9205;Sort;4;Outer;;1045.187;1045.221;1224.6633569521705;1224.6843569521704;pattern
Q5_69_seed_557874108;9204;Aggregate;3;Outer;;1045.248;1045.458;1108.3762460886999;1141.0860079408935;operator
Q5_69_seed_557874108;9203;Gather Merge;2;Outer;;1051.008;1052.502;1129.9863490178707;1132.693456476098;operator
Q5_69_seed_557874108;9202;Aggregate;1;Outer;;1051.072;1052.512;1068.1262691307109;1066.5344640977228;pattern
Q5_69_seed_557874108;9201;Sort;0;;;1051.254;1052.522;1084.0928292204676;1086.107298000044;pattern
Q5_75_seed_607098294;9357;Seq Scan;13;Outer;;0.086;0.086;0.05186146210476378;13.079574437254479;operator
Q5_75_seed_607098294;9355;Seq Scan;12;Outer;;0.007;0.008;0.05182032088445343;5.243670679962548;operator
Q5_75_seed_607098294;9356;Hash;12;Inner;;0.09;0.09;11.10386993685431;11.104138686953476;operator
Q5_75_seed_607098294;9354;Hash Join;11;Outer;;0.104;0.105;0.8048912293360928;34.7439682841341;pattern
Q5_75_seed_607098294;9352;Seq Scan;10;Outer;;0.273;30.524;0.2058318816781986;32.2636879803311;operator
Q5_75_seed_607098294;9353;Hash;10;Inner;;0.108;0.109;43.47805011642102;43.478550116421005;pattern
Q5_75_seed_607098294;9351;Hash Join;9;Outer;;0.392;32.596;8.463390157812832;58.341505634504244;pattern
Q5_75_seed_607098294;9349;Seq Scan;8;Outer;;0.064;168.423;0.2143312833549234;161.28888286197693;operator
Q5_75_seed_607098294;9350;Hash;8;Inner;;33.297;33.298;120.76520758712951;120.76570758712951;pattern
Q5_75_seed_607098294;9348;Hash Join;7;Outer;;35.679;217.699;60.640630681648005;271.85650906338503;pattern
Q5_75_seed_607098294;9358;Index Scan;7;Inner;;0.068;0.072;0.06972578533394945;0.07240101451381542;operator
Q5_75_seed_607098294;9360;Seq Scan;7;Outer;;0.088;3.187;0.05244914308523696;6.6748852627519;operator
Q5_75_seed_607098294;9347;Nested Loop;6;Outer;;36.301;1047.473;42.22435855279984;1095.1900876175241;operator
Q5_75_seed_607098294;9359;Hash;6;Inner;;3.686;3.686;13.8796673758617;13.880066316298112;operator
Q5_75_seed_607098294;9346;Hash Join;5;Outer;;40.646;1059.334;48.60874193931064;1101.3546414522175;pattern
Q5_75_seed_607098294;9345;Sort;4;Outer;;1059.794;1059.829;1224.6633569521705;1224.6843569521704;pattern
Q5_75_seed_607098294;9344;Aggregate;3;Outer;;1059.859;1060.087;1108.3762460886999;1141.0860079408935;operator
Q5_75_seed_607098294;9343;Gather Merge;2;Outer;;1062.273;1064.408;1129.9863490178707;1132.693456476098;operator
Q5_75_seed_607098294;9342;Aggregate;1;Outer;;1062.328;1064.416;1068.1262691307109;1066.5344640977228;pattern
Q5_75_seed_607098294;9341;Sort;0;;;1062.51;1064.43;1084.0928292204676;1086.107298000044;pattern
Q5_81_seed_656322480;9497;Seq Scan;13;Outer;;0.479;0.48;0.05186146210476378;13.079574437254479;operator
Q5_81_seed_656322480;9495;Seq Scan;12;Outer;;0.008;0.008;0.05182032088445343;5.243670679962548;operator
Q5_81_seed_656322480;9496;Hash;12;Inner;;0.482;0.483;11.10386993685431;11.104138686953476;operator
Q5_81_seed_656322480;9494;Hash Join;11;Outer;;0.497;0.5;0.8048912293360928;34.7439682841341;pattern
Q5_81_seed_656322480;9492;Seq Scan;10;Outer;;0.013;35.587;0.2058318816781986;32.2636879803311;operator
Q5_81_seed_656322480;9493;Hash;10;Inner;;0.501;0.502;43.47805011642102;43.478550116421005;pattern
Q5_81_seed_656322480;9491;Hash Join;9;Outer;;0.524;37.452;8.463390157812832;58.341505634504244;pattern
Q5_81_seed_656322480;9489;Seq Scan;8;Outer;;0.836;168.734;0.21437888811620048;161.2833431317694;operator
Q5_81_seed_656322480;9490;Hash;8;Inner;;38.173;38.174;120.76520758712951;120.76570758712951;pattern
Q5_81_seed_656322480;9488;Hash Join;7;Outer;;39.964;220.487;60.640577778959326;271.85650906338503;pattern
Q5_81_seed_656322480;9498;Index Scan;7;Inner;;0.071;0.074;0.06972578533394945;0.07240101451381542;operator
Q5_81_seed_656322480;9500;Seq Scan;7;Outer;;0.085;2.44;0.05244914308523696;6.6748852627519;operator
Q5_81_seed_656322480;9487;Nested Loop;6;Outer;;40.126;1065.525;42.239358338416494;1095.2257410959662;operator
Q5_81_seed_656322480;9499;Hash;6;Inner;;2.979;2.979;13.8796673758617;13.880066316298112;operator
Q5_81_seed_656322480;9486;Hash Join;5;Outer;;43.916;1076.58;48.61259083431075;1101.379663827978;pattern
Q5_81_seed_656322480;9485;Sort;4;Outer;;1078.668;1078.703;1224.6653595065857;1224.6863595065856;pattern
Q5_81_seed_656322480;9484;Aggregate;3;Outer;;1078.735;1078.961;1108.3770343246565;1141.086972214144;operator
Q5_81_seed_656322480;9483;Gather Merge;2;Outer;;1081.907;1084.078;1129.9863935607266;1132.6935008882233;operator
Q5_81_seed_656322480;9482;Aggregate;1;Outer;;1081.978;1084.088;1068.1094052702206;1066.5232946311653;pattern
Q5_81_seed_656322480;9481;Sort;0;;;1082.171;1084.1;1084.0975951326825;1086.1122861027984;pattern
Q5_99_seed_803995038;9877;Seq Scan;13;Outer;;0.052;0.052;0.05186146210476378;13.079574437254479;operator
Q5_99_seed_803995038;9875;Seq Scan;12;Outer;;0.008;0.009;0.05182032088445343;5.243670679962548;operator
Q5_99_seed_803995038;9876;Hash;12;Inner;;0.054;0.054;11.10386993685431;11.104138686953476;operator
Q5_99_seed_803995038;9874;Hash Join;11;Outer;;0.068;0.07;0.8048912293360928;34.7439682841341;pattern
Q5_99_seed_803995038;9872;Seq Scan;10;Outer;;0.158;32.257;0.2058318816781986;32.2636879803311;operator
Q5_99_seed_803995038;9873;Hash;10;Inner;;0.073;0.073;43.47805011642102;43.478550116421005;pattern
Q5_99_seed_803995038;9871;Hash Join;9;Outer;;0.24;33.769;8.463390157812832;58.341505634504244;pattern
Q5_99_seed_803995038;9869;Seq Scan;8;Outer;;0.174;167.903;0.21437888811620048;161.2833431317694;operator
Q5_99_seed_803995038;9870;Hash;8;Inner;;34.544;34.545;120.76520758712951;120.76570758712951;pattern
Q5_99_seed_803995038;9868;Hash Join;7;Outer;;35.356;215.748;60.640577778959326;271.85650906338503;pattern
Q5_99_seed_803995038;9878;Index Scan;7;Inner;;0.07;0.074;0.06972578533394945;0.07240101451381542;operator
Q5_99_seed_803995038;9880;Seq Scan;7;Outer;;0.085;5.159;0.05244914308523696;6.6748852627519;operator
Q5_99_seed_803995038;9867;Nested Loop;6;Outer;;35.63;1052.522;42.239358338416494;1095.2257410959662;operator
Q5_99_seed_803995038;9879;Hash;6;Inner;;5.679;5.679;13.8796673758617;13.880066316298112;operator
Q5_99_seed_803995038;9866;Hash Join;5;Outer;;43.172;1066.339;48.61259083431075;1101.379663827978;pattern
Q5_99_seed_803995038;9865;Sort;4;Outer;;1066.808;1066.843;1224.6653595065857;1224.6863595065856;pattern
Q5_99_seed_803995038;9864;Aggregate;3;Outer;;1066.875;1067.108;1108.3770343246565;1141.086972214144;operator
Q5_99_seed_803995038;9863;Gather Merge;2;Outer;;1070.27;1071.897;1129.9863935607266;1132.6935008882233;operator
Q5_99_seed_803995038;9862;Aggregate;1;Outer;;1070.332;1071.906;1068.1094052702206;1066.5232946311653;pattern
Q5_99_seed_803995038;9861;Sort;0;;;1070.515;1071.927;1084.0975951326825;1086.1122861027984;pattern
Q6_106_seed_861423255;9928;Seq Scan;3;Outer;;6.141;739.129;5.7700297851843185;724.6463634541789;operator
Q6_106_seed_861423255;9927;Aggregate;2;Outer;;741.0;741.0;905.4076878778457;926.9246791917262;operator
Q6_106_seed_861423255;9926;Gather;1;Outer;;753.004;760.713;802.1474432281332;911.3543716174673;operator
Q6_106_seed_861423255;9925;Aggregate;0;;;753.219;760.735;952.9245020541348;959.2557331701616;pattern
Q6_107_seed_869627286;9932;Seq Scan;3;Outer;;6.351;749.749;5.767116058792828;724.6500408551299;operator
Q6_107_seed_869627286;9931;Aggregate;2;Outer;;751.964;751.964;905.4206669359376;926.9184081243238;operator
Q6_107_seed_869627286;9930;Gather;1;Outer;;763.505;769.387;802.1490951520293;911.3540043499814;operator
Q6_107_seed_869627286;9929;Aggregate;0;;;763.652;769.405;952.9241200815048;959.2553513714687;pattern
Q6_120_seed_976279689;9992;Seq Scan;3;Outer;;6.385;767.19;5.766299232205663;724.6510612119513;operator
Q6_120_seed_976279689;9991;Aggregate;2;Outer;;769.246;769.246;905.4243011626025;926.9166606408367;operator
Q6_120_seed_976279689;9990;Gather;1;Outer;;781.365;791.34;802.1495576651433;911.353902489842;operator
Q6_120_seed_976279689;9989;Aggregate;0;;;782.077;791.388;952.9240147213668;959.2552460596793;pattern
Q6_131_seed_1066524030;10040;Seq Scan;3;Outer;;5.886;774.735;5.770503780640642;724.6457596378594;operator
Q6_131_seed_1066524030;10039;Aggregate;2;Outer;;776.68;776.68;905.4055742040122;926.9257049273508;operator
Q6_131_seed_1066524030;10038;Gather;1;Outer;;788.328;794.14;802.1471741883487;911.3544319450531;operator
Q6_131_seed_1066524030;10037;Aggregate;0;;;788.414;794.154;952.9245651032386;959.2557961907515;pattern
Q6_133_seed_1082932092;10048;Seq Scan;3;Outer;;5.848;829.499;5.76710154282653;724.650059028278;operator
Q6_133_seed_1082932092;10047;Aggregate;2;Outer;;831.501;831.501;905.4207315366722;926.9183770293954;operator
Q6_133_seed_1082932092;10046;Gather;1;Outer;;843.679;850.12;802.1491033736411;911.3540025356225;operator
Q6_133_seed_1082932092;10045;Aggregate;0;;;844.323;850.138;952.9241182025747;959.2553494933993;pattern
Q6_137_seed_1115748216;10064;Seq Scan;3;Outer;;5.786;794.547;5.766876520388536;724.6503405571432;operator
Q6_137_seed_1115748216;10063;Aggregate;2;Outer;;796.631;796.632;905.4217328838913;926.9178951901823;operator
Q6_137_seed_1115748216;10062;Gather;1;Outer;;808.276;813.742;802.1492308125306;911.3539744293142;operator
Q6_137_seed_1115748216;10061;Aggregate;0;;;808.288;813.753;952.9240891062875;959.2553204104486;pattern
Q6_13_seed_98448372;10076;Seq Scan;3;Outer;;5.918;748.243;5.770301182551758;724.6460179168376;operator
Q6_13_seed_98448372;10075;Aggregate;2;Outer;;750.197;750.197;905.4064777224243;926.9252663092434;operator
Q6_13_seed_98448372;10074;Gather;1;Outer;;762.085;768.291;802.1472891937096;911.3544061394696;operator
Q6_13_seed_98448372;10073;Aggregate;0;;;763.188;768.307;952.9245381230945;959.2557692228025;pattern
Q6_16_seed_123060465;10132;Seq Scan;3;Outer;;5.661;776.917;5.766299232205663;724.6510612119513;operator
Q6_16_seed_123060465;10131;Aggregate;2;Outer;;778.983;778.983;905.4243011626025;926.9166606408367;operator
Q6_16_seed_123060465;10130;Gather;1;Outer;;791.127;797.567;802.1495576651433;911.353902489842;operator
Q6_16_seed_123060465;10129;Aggregate;0;;;791.23;797.582;952.9240147213668;959.2552460596793;pattern
Q6_2_seed_8204031;10192;Seq Scan;3;Outer;;5.912;751.544;5.766204803538304;724.6511788727483;operator
Q6_2_seed_8204031;10191;Aggregate;2;Outer;;753.698;753.699;905.4247211748102;926.9164589202171;operator
Q6_2_seed_8204031;10190;Gather;1;Outer;;765.445;771.388;802.149611117329;911.3538907452648;operator
Q6_2_seed_8204031;10189;Aggregate;0;;;766.065;771.403;952.9240025896851;959.2552339335755;pattern
Q6_30_seed_237916899;10196;Seq Scan;3;Outer;;6.065;799.064;5.770785906278475;724.6453994963761;operator
Q6_30_seed_237916899;10195;Aggregate;2;Outer;;801.053;801.053;905.4043158235579;926.9263161974229;operator
Q6_30_seed_237916899;10194;Gather;1;Outer;;813.773;820.928;802.1470140122966;911.3544679300832;operator
Q6_30_seed_237916899;10193;Aggregate;0;;;815.369;820.969;952.9246027520458;959.2558338225579;pattern
Q6_34_seed_270733023;10212;Seq Scan;3;Outer;;6.575;796.498;5.7709486368615535;724.6451915128613;operator
Q6_34_seed_270733023;10211;Aggregate;2;Outer;;798.449;798.45;905.4035898833562;926.9266690320749;operator
Q6_34_seed_270733023;10210;Gather;1;Outer;;809.978;816.085;802.1469216083245;911.3544887126759;operator
Q6_34_seed_270733023;10209;Aggregate;0;;;810.051;816.096;952.924624509222;959.2558555699181;pattern
Q6_39_seed_311753178;10232;Seq Scan;3;Outer;;5.86;762.256;5.771212568741901;724.6448537912304;operator
Q6_39_seed_311753178;10231;Aggregate;2;Outer;;764.195;764.195;905.4024123225529;926.927241686621;operator
Q6_39_seed_311753178;10230;Gather;1;Outer;;776.155;781.648;802.1467717167797;911.3545224608954;operator
Q6_39_seed_311753178;10229;Aggregate;0;;;776.171;781.662;952.9246598613307;959.2558909060909;pattern
Q6_49_seed_393793488;10276;Seq Scan;3;Outer;;5.958;783.61;5.769725737767897;724.6467499502813;operator
Q6_49_seed_393793488;10275;Aggregate;2;Outer;;785.694;785.694;905.4090433689727;926.9240220516323;operator
Q6_49_seed_393793488;10274;Gather;1;Outer;;796.455;803.444;802.147615759446;911.3543330059034;operator
Q6_49_seed_393793488;10273;Aggregate;0;;;797.381;803.471;952.9244617454774;959.2556928797624;pattern
Q6_54_seed_434813643;10300;Seq Scan;3;Outer;;6.188;755.391;5.76633918031295;724.651011416975;operator
Q6_54_seed_434813643;10299;Aggregate;2;Outer;;757.327;757.327;905.4241234686926;926.9167459973229;operator
Q6_54_seed_434813643;10298;Gather;1;Outer;;769.956;776.32;802.1495350511453;911.3539074603186;operator
Q6_54_seed_434813643;10297;Aggregate;0;;;771.976;776.346;952.9240198566996;959.2552511926518;pattern
Q6_60_seed_484037829;10328;Seq Scan;3;Outer;;6.248;776.362;5.76633918031295;724.651011416975;operator
Q6_60_seed_484037829;10327;Aggregate;2;Outer;;778.38;778.381;905.4241234686926;926.9167459973229;operator
Q6_60_seed_484037829;10326;Gather;1;Outer;;791.165;799.974;802.1495350511453;911.3539074603186;operator
Q6_60_seed_484037829;10325;Aggregate;0;;;791.185;799.993;952.9240198566996;959.2552511926518;pattern
Q6_70_seed_566078139;10372;Seq Scan;3;Outer;;5.529;782.056;5.770742507229149;724.6454549327391;operator
Q6_70_seed_566078139;10371;Aggregate;2;Outer;;783.945;783.945;905.4045094136063;926.9262221302818;operator
Q6_70_seed_566078139;10370;Gather;1;Outer;;799.776;803.029;802.1470386540092;911.354462390777;operator
Q6_70_seed_566078139;10369;Aggregate;0;;;799.787;803.039;952.9245969546682;959.2558280277971;pattern
Q6_75_seed_607098294;10392;Seq Scan;3;Outer;;6.119;768.066;5.770453134747581;724.6458242298673;operator
Q6_75_seed_607098294;10391;Aggregate;2;Outer;;769.965;769.965;905.4058000784609;926.9255952538253;operator
Q6_75_seed_607098294;10390;Gather;1;Outer;;781.551;787.931;802.1472029391272;911.3544254913203;operator
Q6_75_seed_607098294;10389;Aggregate;0;;;782.166;787.953;952.9245583543027;959.2557894448653;pattern
Q6_78_seed_631710387;10404;Seq Scan;3;Outer;;6.071;752.386;5.770807605141247;724.6453717740986;operator
Q6_78_seed_631710387;10403;Aggregate;2;Outer;;754.35;754.351;905.4042190294781;926.9263632344814;operator
Q6_78_seed_631710387;10402;Gather;1;Outer;;765.874;772.081;802.1470016915433;911.3544707001655;operator
Q6_78_seed_631710387;10401;Aggregate;0;;;766.686;772.098;952.9246056514503;959.255836720654;pattern
Q6_81_seed_656322480;10420;Seq Scan;3;Outer;;5.642;759.63;5.767185006947502;724.6499545161196;operator
Q6_81_seed_656322480;10419;Aggregate;2;Outer;;761.586;761.587;905.4203600862701;926.9185558393526;operator
Q6_81_seed_656322480;10418;Gather;1;Outer;;777.764;780.931;802.1490560997893;911.3540129699235;operator
Q6_81_seed_656322480;10417;Aggregate;0;;;777.783;780.949;952.9241290093207;959.2553602951953;pattern
Q6_85_seed_689138604;10436;Seq Scan;3;Outer;;6.052;814.92;5.767707417842322;724.6492992685825;operator
Q6_85_seed_689138604;10435;Aggregate;2;Outer;;816.921;816.921;905.418034694323;926.9196761220209;operator
Q6_85_seed_689138604;10434;Gather;1;Outer;;828.563;834.714;802.1487601473182;911.3540783932705;operator
Q6_85_seed_689138604;10433;Aggregate;0;;;829.408;834.732;952.9241968283987;959.2554280832471;pattern
Q6_96_seed_779382945;10484;Seq Scan;3;Outer;;5.64;777.328;5.770471222849963;724.6458011629916;operator
Q6_96_seed_779382945;10483;Aggregate;2;Outer;;779.198;779.199;905.4057194086189;926.9256344214859;operator
Q6_96_seed_779382945;10482;Gather;1;Outer;;793.48;800.934;802.1471926709488;911.3544277960456;operator
Q6_96_seed_779382945;10481;Aggregate;0;;;797.9;800.958;952.924560764338;959.2557918538115;pattern
Q6_97_seed_787586976;10488;Seq Scan;3;Outer;;5.975;766.866;5.771053494408144;724.6450573977895;operator
Q6_97_seed_787586976;10487;Aggregate;2;Outer;;768.911;768.912;905.4031220740416;926.9268964837474;operator
Q6_97_seed_787586976;10486;Gather;1;Outer;;780.445;787.125;802.146862061149;911.3545021144314;operator
Q6_97_seed_787586976;10485;Aggregate;0;;;781.672;787.142;952.9246385447473;959.2558695991145;pattern
Q6_9_seed_65632248;10500;Seq Scan;3;Outer;;6.227;742.729;5.770492928151477;724.6457734802462;operator
Q6_9_seed_65632248;10499;Aggregate;2;Outer;;744.654;744.654;905.405622605389;926.925681424814;operator
Q6_9_seed_65632248;10498;Gather;1;Outer;;756.034;762.721;802.1471803491982;911.3544305619789;operator
Q6_9_seed_65632248;10497;Aggregate;0;;;759.665;762.737;952.9245636568189;959.2557947449855;pattern
Q7_103_seed_836811162;10566;Seq Scan;9;Outer;;0.006;0.007;0.05188247933516271;3.31733247739632;operator
Q7_103_seed_836811162;10564;Seq Scan;8;Outer;;0.012;32.059;0.2058318816781986;32.2636879803311;operator
Q7_103_seed_836811162;10565;Hash;8;Inner;;0.011;0.011;10.395639219121833;10.395907709815063;operator
Q7_103_seed_836811162;10563;Hash Join;7;Outer;;0.03;33.156;0.9290631224802297;46.64784378487411;pattern
Q7_103_seed_836811162;10572;Seq Scan;7;Outer;;0.009;0.01;0.05188247933516271;3.31733247739632;operator
Q7_103_seed_836811162;10561;Seq Scan;6;Outer;;0.174;152.713;0.23623958645227744;151.9523495907439;operator
Q7_103_seed_836811162;10562;Hash;6;Inner;;35.665;35.666;64.71277051594186;64.71327051594184;pattern
Q7_103_seed_836811162;10570;Seq Scan;6;Outer;;0.085;5.256;0.05244914308523696;6.6748852627519;operator
Q7_103_seed_836811162;10571;Hash;6;Inner;;0.013;0.014;10.395639219121833;10.395907709815063;operator
Q7_103_seed_836811162;10560;Hash Join;5;Outer;;36.25;213.628;48.65891634072299;218.99338655993284;pattern
Q7_103_seed_836811162;10567;Index Scan;5;Inner;;0.032;0.032;0.03774110005719372;0.04062558144810407;operator
Q7_103_seed_836811162;10569;Hash Join;5;Outer;;0.104;5.578;0.9493410311214205;35.3822067915832;pattern
Q7_103_seed_836811162;10559;Nested Loop;4;Outer;;36.711;1175.895;47.67615304332179;1129.99065876923;operator
Q7_103_seed_836811162;10568;Hash;4;Inner;;5.621;5.622;48.44517102869223;48.44567102869222;pattern
Q7_103_seed_836811162;10558;Hash Join;3;Outer;;43.027;1185.248;50.37642747740988;1124.9995998686295;pattern
Q7_103_seed_836811162;10557;Sort;2;Outer;;1185.868;1185.895;1226.3018249533122;1226.3228249533122;pattern
Q7_103_seed_836811162;10556;Gather Merge;1;Outer;;1188.325;1192.434;1132.1628301292826;1134.9601232436746;operator
Q7_103_seed_836811162;10555;Aggregate;0;;;1188.842;1193.558;1202.2944215133946;1209.1010105673793;pattern
Q7_10_seed_73836279;10692;Seq Scan;9;Outer;;0.007;0.007;0.05188247933516271;3.31733247739632;operator
Q7_10_seed_73836279;10690;Seq Scan;8;Outer;;1.662;35.459;0.2058318816781986;32.2636879803311;operator
Q7_10_seed_73836279;10691;Hash;8;Inner;;0.009;0.01;10.395639219121833;10.395907709815063;operator
Q7_10_seed_73836279;10689;Hash Join;7;Outer;;1.679;36.626;0.9290631224802297;46.64784378487411;pattern
Q7_10_seed_73836279;10698;Seq Scan;7;Outer;;0.01;0.011;0.05188247933516271;3.31733247739632;operator
Q7_10_seed_73836279;10687;Seq Scan;6;Outer;;0.271;153.077;0.23623958645227744;151.9523495907439;operator
Q7_10_seed_73836279;10688;Hash;6;Inner;;37.408;37.409;64.71277051594186;64.71327051594184;pattern
Q7_10_seed_73836279;10696;Seq Scan;6;Outer;;0.083;3.442;0.05244914308523696;6.6748852627519;operator
Q7_10_seed_73836279;10697;Hash;6;Inner;;0.013;0.013;10.395639219121833;10.395907709815063;operator
Q7_10_seed_73836279;10686;Hash Join;5;Outer;;37.726;215.605;48.65891634072299;218.99338655993284;pattern
Q7_10_seed_73836279;10693;Index Scan;5;Inner;;0.032;0.032;0.03774110005719372;0.04062558144810407;operator
Q7_10_seed_73836279;10695;Hash Join;5;Outer;;0.103;3.771;0.9493410311214205;35.3822067915832;pattern
Q7_10_seed_73836279;10685;Nested Loop;4;Outer;;38.255;1177.672;47.67615304332179;1129.99065876923;operator
Q7_10_seed_73836279;10694;Hash;4;Inner;;3.813;3.813;48.44517102869223;48.44567102869222;pattern
Q7_10_seed_73836279;10684;Hash Join;3;Outer;;43.244;1185.162;50.37642747740988;1124.9995998686295;pattern
Q7_10_seed_73836279;10683;Sort;2;Outer;;1185.721;1185.749;1226.3018249533122;1226.3228249533122;pattern
Q7_10_seed_73836279;10682;Gather Merge;1;Outer;;1187.908;1193.461;1132.1628301292826;1134.9601232436746;operator
Q7_10_seed_73836279;10681;Aggregate;0;;;1188.35;1194.386;1202.2944215133946;1209.1010105673793;pattern
Q7_113_seed_918851472;10764;Seq Scan;9;Outer;;0.005;0.007;0.05188247933516271;3.31733247739632;operator
Q7_113_seed_918851472;10762;Seq Scan;8;Outer;;0.011;34.222;0.2058318816781986;32.2636879803311;operator
Q7_113_seed_918851472;10763;Hash;8;Inner;;0.009;0.01;10.395639219121833;10.395907709815063;operator
Q7_113_seed_918851472;10761;Hash Join;7;Outer;;0.026;35.348;0.9290631224802297;46.64784378487411;pattern
Q7_113_seed_918851472;10770;Seq Scan;7;Outer;;0.011;0.012;0.05188247933516271;3.31733247739632;operator
Q7_113_seed_918851472;10759;Seq Scan;6;Outer;;0.205;153.909;0.23623958645227744;151.9523495907439;operator
Q7_113_seed_918851472;10760;Hash;6;Inner;;35.653;35.654;64.71277051594186;64.71327051594184;pattern
Q7_113_seed_918851472;10768;Seq Scan;6;Outer;;0.084;3.451;0.05244914308523696;6.6748852627519;operator
Q7_113_seed_918851472;10769;Hash;6;Inner;;0.015;0.016;10.395639219121833;10.395907709815063;operator
Q7_113_seed_918851472;10758;Hash Join;5;Outer;;36.161;215.163;48.65891634072299;218.99338655993284;pattern
Q7_113_seed_918851472;10765;Index Scan;5;Inner;;0.031;0.032;0.03774110005719372;0.04062558144810407;operator
Q7_113_seed_918851472;10767;Hash Join;5;Outer;;0.108;3.767;0.9493410311214205;35.3822067915832;pattern
Q7_113_seed_918851472;10757;Nested Loop;4;Outer;;36.703;1187.377;47.67615304332179;1129.99065876923;operator
Q7_113_seed_918851472;10766;Hash;4;Inner;;3.812;3.813;48.44517102869223;48.44567102869222;pattern
Q7_113_seed_918851472;10756;Hash Join;3;Outer;;43.33;1194.947;50.37642747740988;1124.9995998686295;pattern
Q7_113_seed_918851472;10755;Sort;2;Outer;;1195.56;1195.589;1226.3018249533122;1226.3228249533122;pattern
Q7_113_seed_918851472;10754;Gather Merge;1;Outer;;1198.161;1202.504;1132.1628301292826;1134.9601232436746;operator
Q7_113_seed_918851472;10753;Aggregate;0;;;1198.626;1203.553;1202.2944215133946;1209.1010105673793;pattern
Q7_118_seed_959871627;10854;Seq Scan;9;Outer;;0.005;0.006;0.05188247933516271;3.31733247739632;operator
Q7_118_seed_959871627;10852;Seq Scan;8;Outer;;0.155;35.231;0.2058318816781986;32.2636879803311;operator
Q7_118_seed_959871627;10853;Hash;8;Inner;;0.011;0.011;10.395639219121833;10.395907709815063;operator
Q7_118_seed_959871627;10851;Hash Join;7;Outer;;0.175;36.294;0.9290631224802297;46.64784378487411;pattern
Q7_118_seed_959871627;10860;Seq Scan;7;Outer;;0.01;0.011;0.05188247933516271;3.31733247739632;operator
Q7_118_seed_959871627;10849;Seq Scan;6;Outer;;0.274;149.638;0.23623958645227744;151.9523495907439;operator
Q7_118_seed_959871627;10850;Hash;6;Inner;;36.612;36.612;64.71277051594186;64.71327051594184;pattern
Q7_118_seed_959871627;10858;Seq Scan;6;Outer;;0.154;5.228;0.05244914308523696;6.6748852627519;operator
Q7_118_seed_959871627;10859;Hash;6;Inner;;0.014;0.015;10.395639219121833;10.395907709815063;operator
Q7_118_seed_959871627;10848;Hash Join;5;Outer;;37.197;212.733;48.65891634072299;218.99338655993284;pattern
Q7_118_seed_959871627;10855;Index Scan;5;Inner;;0.032;0.032;0.03774110005719372;0.04062558144810407;operator
Q7_118_seed_959871627;10857;Hash Join;5;Outer;;0.178;5.554;0.9493410311214205;35.3822067915832;pattern
Q7_118_seed_959871627;10847;Nested Loop;4;Outer;;37.659;1183.567;47.67615304332179;1129.99065876923;operator
Q7_118_seed_959871627;10856;Hash;4;Inner;;5.601;5.602;48.44517102869223;48.44567102869222;pattern
Q7_118_seed_959871627;10846;Hash Join;3;Outer;;47.909;1192.955;50.37642747740988;1124.9995998686295;pattern
Q7_118_seed_959871627;10845;Sort;2;Outer;;1193.553;1193.581;1226.3018249533122;1226.3228249533122;pattern
Q7_118_seed_959871627;10844;Gather Merge;1;Outer;;1196.506;1201.02;1132.1628301292826;1134.9601232436746;operator
Q7_118_seed_959871627;10843;Aggregate;0;;;1197.093;1202.202;1202.2944215133946;1209.1010105673793;pattern
Q7_119_seed_968075658;10872;Seq Scan;9;Outer;;0.006;0.008;0.05188247933516271;3.31733247739632;operator
Q7_119_seed_968075658;10870;Seq Scan;8;Outer;;0.158;30.26;0.2058318816781986;32.2636879803311;operator
Q7_119_seed_968075658;10871;Hash;8;Inner;;0.011;0.012;10.395639219121833;10.395907709815063;operator
Q7_119_seed_968075658;10869;Hash Join;7;Outer;;0.176;31.376;0.9290631224802297;46.64784378487411;pattern
Q7_119_seed_968075658;10878;Seq Scan;7;Outer;;0.008;0.01;0.05188247933516271;3.31733247739632;operator
Q7_119_seed_968075658;10867;Seq Scan;6;Outer;;0.187;154.608;0.23623958645227744;151.9523495907439;operator
Q7_119_seed_968075658;10868;Hash;6;Inner;;31.713;31.714;64.71277051594186;64.71327051594184;pattern
Q7_119_seed_968075658;10876;Seq Scan;6;Outer;;0.08;6.299;0.05244914308523696;6.6748852627519;operator
Q7_119_seed_968075658;10877;Hash;6;Inner;;0.013;0.013;10.395639219121833;10.395907709815063;operator
Q7_119_seed_968075658;10866;Hash Join;5;Outer;;32.178;212.582;48.65891634072299;218.99338655993284;pattern
Q7_119_seed_968075658;10873;Index Scan;5;Inner;;0.032;0.033;0.03774110005719372;0.04062558144810407;operator
Q7_119_seed_968075658;10875;Hash Join;5;Outer;;0.099;6.639;0.9493410311214205;35.3822067915832;pattern
Q7_119_seed_968075658;10865;Nested Loop;4;Outer;;32.885;1186.806;47.67615304332179;1129.99065876923;operator
Q7_119_seed_968075658;10874;Hash;4;Inner;;6.688;6.689;48.44517102869223;48.44567102869222;pattern
Q7_119_seed_968075658;10864;Hash Join;3;Outer;;41.307;1197.406;50.37642747740988;1124.9995998686295;pattern
Q7_119_seed_968075658;10863;Sort;2;Outer;;1198.086;1198.116;1226.3018249533122;1226.3228249533122;pattern
Q7_119_seed_968075658;10862;Gather Merge;1;Outer;;1200.184;1204.475;1132.1628301292826;1134.9601232436746;operator
Q7_119_seed_968075658;10861;Aggregate;0;;;1200.665;1205.63;1202.2944215133946;1209.1010105673793;pattern
Q7_122_seed_992687751;10944;Seq Scan;9;Outer;;0.004;0.006;0.05188247933516271;3.31733247739632;operator
Q7_122_seed_992687751;10942;Seq Scan;8;Outer;;0.954;35.233;0.2058318816781986;32.2636879803311;operator
Q7_122_seed_992687751;10943;Hash;8;Inner;;0.01;0.011;10.395639219121833;10.395907709815063;operator
Q7_122_seed_992687751;10941;Hash Join;7;Outer;;0.971;36.362;0.9290631224802297;46.64784378487411;pattern
Q7_122_seed_992687751;10950;Seq Scan;7;Outer;;0.008;0.01;0.05188247933516271;3.31733247739632;operator
Q7_122_seed_992687751;10939;Seq Scan;6;Outer;;0.248;151.883;0.23623958645227744;151.9523495907439;operator
Q7_122_seed_992687751;10940;Hash;6;Inner;;36.749;36.749;64.71277051594186;64.71327051594184;pattern
Q7_122_seed_992687751;10948;Seq Scan;6;Outer;;0.08;2.055;0.05244914308523696;6.6748852627519;operator
Q7_122_seed_992687751;10949;Hash;6;Inner;;0.013;0.013;10.395639219121833;10.395907709815063;operator
Q7_122_seed_992687751;10938;Hash Join;5;Outer;;37.042;214.118;48.65891634072299;218.99338655993284;pattern
Q7_122_seed_992687751;10945;Index Scan;5;Inner;;0.031;0.032;0.03774110005719372;0.04062558144810407;operator
Q7_122_seed_992687751;10947;Hash Join;5;Outer;;0.104;2.394;0.9493410311214205;35.3822067915832;pattern
Q7_122_seed_992687751;10937;Nested Loop;4;Outer;;37.538;1178.89;47.67615304332179;1129.99065876923;operator
Q7_122_seed_992687751;10946;Hash;4;Inner;;2.441;2.442;48.44517102869223;48.44567102869222;pattern
Q7_122_seed_992687751;10936;Hash Join;3;Outer;;45.429;1185.216;50.37642747740988;1124.9995998686295;pattern
Q7_122_seed_992687751;10935;Sort;2;Outer;;1185.851;1185.881;1226.3018249533122;1226.3228249533122;pattern
Q7_122_seed_992687751;10934;Gather Merge;1;Outer;;1188.618;1192.112;1132.1628301292826;1134.9601232436746;operator
Q7_122_seed_992687751;10933;Aggregate;0;;;1189.12;1193.112;1202.2944215133946;1209.1010105673793;pattern
Q7_123_seed_1000891782;10962;Seq Scan;9;Outer;;0.004;0.005;0.05188247933516271;3.31733247739632;operator
Q7_123_seed_1000891782;10960;Seq Scan;8;Outer;;0.206;34.594;0.2058318816781986;32.2636879803311;operator
Q7_123_seed_1000891782;10961;Hash;8;Inner;;0.007;0.007;10.395639219121833;10.395907709815063;operator
Q7_123_seed_1000891782;10959;Hash Join;7;Outer;;0.218;35.677;0.9290631224802297;46.64784378487411;pattern
Q7_123_seed_1000891782;10968;Seq Scan;7;Outer;;0.008;0.01;0.05188247933516271;3.31733247739632;operator
Q7_123_seed_1000891782;10957;Seq Scan;6;Outer;;0.173;159.118;0.23623958645227744;151.9523495907439;operator
Q7_123_seed_1000891782;10958;Hash;6;Inner;;35.942;35.943;64.71277051594186;64.71327051594184;pattern
Q7_123_seed_1000891782;10966;Seq Scan;6;Outer;;0.087;1.823;0.05244914308523696;6.6748852627519;operator
Q7_123_seed_1000891782;10967;Hash;6;Inner;;0.012;0.012;10.395639219121833;10.395907709815063;operator
Q7_123_seed_1000891782;10956;Hash Join;5;Outer;;37.616;222.078;48.65891634072299;218.99338655993284;pattern
Q7_123_seed_1000891782;10963;Index Scan;5;Inner;;0.033;0.033;0.03774110005719372;0.04062558144810407;operator
Q7_123_seed_1000891782;10965;Hash Join;5;Outer;;0.106;2.115;0.9493410311214205;35.3822067915832;pattern
Q7_123_seed_1000891782;10955;Nested Loop;4;Outer;;39.058;1231.009;47.67615304332179;1129.99065876923;operator
Q7_123_seed_1000891782;10964;Hash;4;Inner;;2.154;2.154;48.44517102869223;48.44567102869222;pattern
Q7_123_seed_1000891782;10954;Hash Join;3;Outer;;42.472;1236.99;50.37642747740988;1124.9995998686295;pattern
Q7_123_seed_1000891782;10953;Sort;2;Outer;;1238.131;1238.16;1226.3018249533122;1226.3228249533122;pattern
Q7_123_seed_1000891782;10952;Gather Merge;1;Outer;;1241.29;1244.662;1132.1628301292826;1134.9601232436746;operator
Q7_123_seed_1000891782;10951;Aggregate;0;;;1241.899;1245.771;1202.2944215133946;1209.1010105673793;pattern
Q7_126_seed_1025503875;11016;Seq Scan;9;Outer;;0.006;0.007;0.05188247933516271;3.31733247739632;operator
Q7_126_seed_1025503875;11014;Seq Scan;8;Outer;;0.014;35.197;0.2058318816781986;32.2636879803311;operator
Q7_126_seed_1025503875;11015;Hash;8;Inner;;0.009;0.009;10.395639219121833;10.395907709815063;operator
Q7_126_seed_1025503875;11013;Hash Join;7;Outer;;0.033;36.291;0.9290631224802297;46.64784378487411;pattern
Q7_126_seed_1025503875;11022;Seq Scan;7;Outer;;0.01;0.011;0.05188247933516271;3.31733247739632;operator
Q7_126_seed_1025503875;11011;Seq Scan;6;Outer;;0.181;153.926;0.23623958645227744;151.9523495907439;operator
Q7_126_seed_1025503875;11012;Hash;6;Inner;;37.653;37.654;64.71277051594186;64.71327051594184;pattern
Q7_126_seed_1025503875;11020;Seq Scan;6;Outer;;0.081;2.514;0.05244914308523696;6.6748852627519;operator
Q7_126_seed_1025503875;11021;Hash;6;Inner;;0.014;0.014;10.395639219121833;10.395907709815063;operator
Q7_126_seed_1025503875;11010;Hash Join;5;Outer;;39.193;218.571;48.65891634072299;218.99338655993284;pattern
Q7_126_seed_1025503875;11017;Index Scan;5;Inner;;0.032;0.033;0.03774110005719372;0.04062558144810407;operator
Q7_126_seed_1025503875;11019;Hash Join;5;Outer;;0.101;2.862;0.9493410311214205;35.3822067915832;pattern
Q7_126_seed_1025503875;11009;Nested Loop;4;Outer;;39.768;1199.342;47.67615304332179;1129.99065876923;operator
Q7_126_seed_1025503875;11018;Hash;4;Inner;;2.909;2.91;48.44517102869223;48.44567102869222;pattern
Q7_126_seed_1025503875;11008;Hash Join;3;Outer;;45.115;1206.197;50.37642747740988;1124.9995998686295;pattern
Q7_126_seed_1025503875;11007;Sort;2;Outer;;1206.826;1206.86;1226.3018249533122;1226.3228249533122;pattern
Q7_126_seed_1025503875;11006;Gather Merge;1;Outer;;1209.856;1213.28;1132.1628301292826;1134.9601232436746;operator
Q7_126_seed_1025503875;11005;Aggregate;0;;;1210.463;1214.594;1202.2944215133946;1209.1010105673793;pattern
Q7_140_seed_1140360309;11304;Seq Scan;9;Outer;;0.005;0.007;0.05188247933516271;3.31733247739632;operator
Q7_140_seed_1140360309;11302;Seq Scan;8;Outer;;3.991;35.941;0.2058318816781986;32.2636879803311;operator
Q7_140_seed_1140360309;11303;Hash;8;Inner;;0.01;0.01;10.395639219121833;10.395907709815063;operator
Q7_140_seed_1140360309;11301;Hash Join;7;Outer;;4.009;37.02;0.9290631224802297;46.64784378487411;pattern
Q7_140_seed_1140360309;11310;Seq Scan;7;Outer;;0.01;0.011;0.05188247933516271;3.31733247739632;operator
Q7_140_seed_1140360309;11299;Seq Scan;6;Outer;;0.155;150.335;0.23623958645227744;151.9523495907439;operator
Q7_140_seed_1140360309;11300;Hash;6;Inner;;37.292;37.293;64.71277051594186;64.71327051594184;pattern
Q7_140_seed_1140360309;11308;Seq Scan;6;Outer;;0.083;3.197;0.05244914308523696;6.6748852627519;operator
Q7_140_seed_1140360309;11309;Hash;6;Inner;;0.015;0.015;10.395639219121833;10.395907709815063;operator
Q7_140_seed_1140360309;11298;Hash Join;5;Outer;;38.604;213.543;48.65891634072299;218.99338655993284;pattern
Q7_140_seed_1140360309;11305;Index Scan;5;Inner;;0.032;0.032;0.03774110005719372;0.04062558144810407;operator
Q7_140_seed_1140360309;11307;Hash Join;5;Outer;;0.108;3.531;0.9493410311214205;35.3822067915832;pattern
Q7_140_seed_1140360309;11297;Nested Loop;4;Outer;;39.726;1202.83;47.67615304332179;1129.99065876923;operator
Q7_140_seed_1140360309;11306;Hash;4;Inner;;3.578;3.578;48.44517102869223;48.44567102869222;pattern
Q7_140_seed_1140360309;11296;Hash Join;3;Outer;;45.857;1210.096;50.37642747740988;1124.9995998686295;pattern
Q7_140_seed_1140360309;11295;Sort;2;Outer;;1210.713;1210.742;1226.3018249533122;1226.3228249533122;pattern
Q7_140_seed_1140360309;11294;Gather Merge;1;Outer;;1212.968;1216.008;1132.1628301292826;1134.9601232436746;operator
Q7_140_seed_1140360309;11293;Aggregate;0;;;1213.456;1216.993;1202.2944215133946;1209.1010105673793;pattern
Q7_142_seed_1156768371;11340;Seq Scan;9;Outer;;0.007;0.008;0.05188247933516271;3.31733247739632;operator
Q7_142_seed_1156768371;11338;Seq Scan;8;Outer;;0.012;32.12;0.2058318816781986;32.2636879803311;operator
Q7_142_seed_1156768371;11339;Hash;8;Inner;;0.011;0.012;10.395639219121833;10.395907709815063;operator
Q7_142_seed_1156768371;11337;Hash Join;7;Outer;;0.032;33.511;0.9290631224802297;46.64784378487411;pattern
Q7_142_seed_1156768371;11346;Seq Scan;7;Outer;;0.01;0.011;0.05188247933516271;3.31733247739632;operator
Q7_142_seed_1156768371;11335;Seq Scan;6;Outer;;0.247;155.298;0.23623958645227744;151.9523495907439;operator
Q7_142_seed_1156768371;11336;Hash;6;Inner;;35.395;35.396;64.71277051594186;64.71327051594184;pattern
Q7_142_seed_1156768371;11344;Seq Scan;6;Outer;;0.084;3.673;0.05244914308523696;6.6748852627519;operator
Q7_142_seed_1156768371;11345;Hash;6;Inner;;0.016;0.016;10.395639219121833;10.395907709815063;operator
Q7_142_seed_1156768371;11334;Hash Join;5;Outer;;35.685;215.353;48.65891634072299;218.99338655993284;pattern
Q7_142_seed_1156768371;11341;Index Scan;5;Inner;;0.032;0.033;0.03774110005719372;0.04062558144810407;operator
Q7_142_seed_1156768371;11343;Hash Join;5;Outer;;0.107;4.002;0.9493410311214205;35.3822067915832;pattern
Q7_142_seed_1156768371;11333;Nested Loop;4;Outer;;36.101;1193.226;47.67615304332179;1129.99065876923;operator
Q7_142_seed_1156768371;11342;Hash;4;Inner;;4.05;4.051;48.44517102869223;48.44567102869222;pattern
Q7_142_seed_1156768371;11332;Hash Join;3;Outer;;41.812;1201.187;50.37642747740988;1124.9995998686295;pattern
Q7_142_seed_1156768371;11331;Sort;2;Outer;;1201.816;1201.846;1226.3018249533122;1226.3228249533122;pattern
Q7_142_seed_1156768371;11330;Gather Merge;1;Outer;;1204.426;1209.409;1132.1628301292826;1134.9601232436746;operator
Q7_142_seed_1156768371;11329;Aggregate;0;;;1204.904;1210.403;1202.2944215133946;1209.1010105673793;pattern
Q7_143_seed_1164972402;11358;Seq Scan;9;Outer;;0.006;0.007;0.05188247933516271;3.31733247739632;operator
Q7_143_seed_1164972402;11356;Seq Scan;8;Outer;;0.13;35.729;0.2058318816781986;32.2636879803311;operator
Q7_143_seed_1164972402;11357;Hash;8;Inner;;0.01;0.01;10.395639219121833;10.395907709815063;operator
Q7_143_seed_1164972402;11355;Hash Join;7;Outer;;0.146;36.835;0.9290631224802297;46.64784378487411;pattern
Q7_143_seed_1164972402;11364;Seq Scan;7;Outer;;0.009;0.01;0.05188247933516271;3.31733247739632;operator
Q7_143_seed_1164972402;11353;Seq Scan;6;Outer;;0.081;148.473;0.23623958645227744;151.9523495907439;operator
Q7_143_seed_1164972402;11354;Hash;6;Inner;;37.185;37.186;64.71277051594186;64.71327051594184;pattern
Q7_143_seed_1164972402;11362;Seq Scan;6;Outer;;0.082;3.358;0.05244914308523696;6.6748852627519;operator
Q7_143_seed_1164972402;11363;Hash;6;Inner;;0.012;0.013;10.395639219121833;10.395907709815063;operator
Q7_143_seed_1164972402;11352;Hash Join;5;Outer;;38.953;212.262;48.65891634072299;218.99338655993284;pattern
Q7_143_seed_1164972402;11359;Index Scan;5;Inner;;0.032;0.033;0.03774110005719372;0.04062558144810407;operator
Q7_143_seed_1164972402;11361;Hash Join;5;Outer;;0.099;3.687;0.9493410311214205;35.3822067915832;pattern
Q7_143_seed_1164972402;11351;Nested Loop;4;Outer;;39.358;1189.458;47.67615304332179;1129.99065876923;operator
Q7_143_seed_1164972402;11360;Hash;4;Inner;;3.732;3.733;48.44517102869223;48.44567102869222;pattern
Q7_143_seed_1164972402;11350;Hash Join;3;Outer;;44.651;1196.872;50.37642747740988;1124.9995998686295;pattern
Q7_143_seed_1164972402;11349;Sort;2;Outer;;1197.453;1197.483;1226.3018249533122;1226.3228249533122;pattern
Q7_143_seed_1164972402;11348;Gather Merge;1;Outer;;1199.933;1203.068;1132.1628301292826;1134.9601232436746;operator
Q7_143_seed_1164972402;11347;Aggregate;0;;;1200.432;1204.139;1202.2944215133946;1209.1010105673793;pattern
Q7_145_seed_1181380464;11394;Seq Scan;9;Outer;;0.006;0.007;0.05188247933516271;3.31733247739632;operator
Q7_145_seed_1181380464;11392;Seq Scan;8;Outer;;0.202;34.607;0.2058318816781986;32.2636879803311;operator
Q7_145_seed_1181380464;11393;Hash;8;Inner;;0.009;0.009;10.395639219121833;10.395907709815063;operator
Q7_145_seed_1181380464;11391;Hash Join;7;Outer;;0.221;35.845;0.9290631224802297;46.64784378487411;pattern
Q7_145_seed_1181380464;11400;Seq Scan;7;Outer;;0.009;0.011;0.05188247933516271;3.31733247739632;operator
Q7_145_seed_1181380464;11389;Seq Scan;6;Outer;;0.205;152.453;0.23623958645227744;151.9523495907439;operator
Q7_145_seed_1181380464;11390;Hash;6;Inner;;36.257;36.258;64.71277051594186;64.71327051594184;pattern
Q7_145_seed_1181380464;11398;Seq Scan;6;Outer;;0.082;2.769;0.05244914308523696;6.6748852627519;operator
Q7_145_seed_1181380464;11399;Hash;6;Inner;;0.016;0.016;10.395639219121833;10.395907709815063;operator
Q7_145_seed_1181380464;11388;Hash Join;5;Outer;;37.009;214.119;48.65891634072299;218.99338655993284;pattern
Q7_145_seed_1181380464;11395;Index Scan;5;Inner;;0.031;0.032;0.03774110005719372;0.04062558144810407;operator
Q7_145_seed_1181380464;11397;Hash Join;5;Outer;;0.105;3.099;0.9493410311214205;35.3822067915832;pattern
Q7_145_seed_1181380464;11387;Nested Loop;4;Outer;;37.468;1175.327;47.67615304332179;1129.99065876923;operator
Q7_145_seed_1181380464;11396;Hash;4;Inner;;3.145;3.146;48.44517102869223;48.44567102869222;pattern
Q7_145_seed_1181380464;11386;Hash Join;3;Outer;;42.537;1182.236;50.37642747740988;1124.9995998686295;pattern
Q7_145_seed_1181380464;11385;Sort;2;Outer;;1182.825;1182.853;1226.3018249533122;1226.3228249533122;pattern
Q7_145_seed_1181380464;11384;Gather Merge;1;Outer;;1184.607;1187.781;1132.1628301292826;1134.9601232436746;operator
Q7_145_seed_1181380464;11383;Aggregate;0;;;1185.09;1188.755;1202.2944215133946;1209.1010105673793;pattern
Q7_147_seed_1197788526;11430;Seq Scan;9;Outer;;0.006;0.006;0.05188247933516271;3.31733247739632;operator
Q7_147_seed_1197788526;11428;Seq Scan;8;Outer;;0.165;33.912;0.2058318816781986;32.2636879803311;operator
Q7_147_seed_1197788526;11429;Hash;8;Inner;;0.009;0.01;10.395639219121833;10.395907709815063;operator
Q7_147_seed_1197788526;11427;Hash Join;7;Outer;;0.491;35.11;0.9290631224802297;46.64784378487411;pattern
Q7_147_seed_1197788526;11436;Seq Scan;7;Outer;;0.012;0.013;0.05188247933516271;3.31733247739632;operator
Q7_147_seed_1197788526;11425;Seq Scan;6;Outer;;0.151;150.862;0.23623958645227744;151.9523495907439;operator
Q7_147_seed_1197788526;11426;Hash;6;Inner;;35.452;35.453;64.71277051594186;64.71327051594184;pattern
Q7_147_seed_1197788526;11434;Seq Scan;6;Outer;;0.073;4.2;0.05244914308523696;6.6748852627519;operator
Q7_147_seed_1197788526;11435;Hash;6;Inner;;0.017;0.017;10.395639219121833;10.395907709815063;operator
Q7_147_seed_1197788526;11424;Hash Join;5;Outer;;36.661;214.127;48.65891634072299;218.99338655993284;pattern
Q7_147_seed_1197788526;11431;Index Scan;5;Inner;;0.031;0.032;0.03774110005719372;0.04062558144810407;operator
Q7_147_seed_1197788526;11433;Hash Join;5;Outer;;0.1;4.554;0.9493410311214205;35.3822067915832;pattern
Q7_147_seed_1197788526;11423;Nested Loop;4;Outer;;36.843;1170.746;47.67615304332179;1129.99065876923;operator
Q7_147_seed_1197788526;11432;Hash;4;Inner;;4.605;4.605;48.44517102869223;48.44567102869222;pattern
Q7_147_seed_1197788526;11422;Hash Join;3;Outer;;43.875;1178.998;50.37642747740988;1124.9995998686295;pattern
Q7_147_seed_1197788526;11421;Sort;2;Outer;;1179.608;1179.635;1226.3018249533122;1226.3228249533122;pattern
Q7_147_seed_1197788526;11420;Gather Merge;1;Outer;;1181.474;1185.74;1132.1628301292826;1134.9601232436746;operator
Q7_147_seed_1197788526;11419;Aggregate;0;;;1181.983;1186.839;1202.2944215133946;1209.1010105673793;pattern
Q7_15_seed_114856434;11520;Seq Scan;9;Outer;;0.007;0.008;0.05188247933516271;3.31733247739632;operator
Q7_15_seed_114856434;11518;Seq Scan;8;Outer;;0.082;34.147;0.2058318816781986;32.2636879803311;operator
Q7_15_seed_114856434;11519;Hash;8;Inner;;0.012;0.013;10.395639219121833;10.395907709815063;operator
Q7_15_seed_114856434;11517;Hash Join;7;Outer;;0.107;35.936;0.9290631224802297;46.64784378487411;pattern
Q7_15_seed_114856434;11526;Seq Scan;7;Outer;;0.011;0.012;0.05188247933516271;3.31733247739632;operator
Q7_15_seed_114856434;11515;Seq Scan;6;Outer;;0.254;149.356;0.23623958645227744;151.9523495907439;operator
Q7_15_seed_114856434;11516;Hash;6;Inner;;36.735;36.735;64.71277051594186;64.71327051594184;pattern
Q7_15_seed_114856434;11524;Seq Scan;6;Outer;;0.086;2.782;0.05244914308523696;6.6748852627519;operator
Q7_15_seed_114856434;11525;Hash;6;Inner;;0.015;0.015;10.395639219121833;10.395907709815063;operator
Q7_15_seed_114856434;11514;Hash Join;5;Outer;;37.042;210.8;48.65891634072299;218.99338655993284;pattern
Q7_15_seed_114856434;11521;Index Scan;5;Inner;;0.032;0.033;0.03774110005719372;0.04062558144810407;operator
Q7_15_seed_114856434;11523;Hash Join;5;Outer;;0.11;3.112;0.9493410311214205;35.3822067915832;pattern
Q7_15_seed_114856434;11513;Nested Loop;4;Outer;;37.282;1183.83;47.67615304332179;1129.99065876923;operator
Q7_15_seed_114856434;11522;Hash;4;Inner;;3.162;3.163;48.44517102869223;48.44567102869222;pattern
Q7_15_seed_114856434;11512;Hash Join;3;Outer;;42.443;1190.735;50.37642747740988;1124.9995998686295;pattern
Q7_15_seed_114856434;11511;Sort;2;Outer;;1191.346;1191.375;1226.3018249533122;1226.3228249533122;pattern
Q7_15_seed_114856434;11510;Gather Merge;1;Outer;;1193.975;1198.428;1132.1628301292826;1134.9601232436746;operator
Q7_15_seed_114856434;11509;Aggregate;0;;;1194.411;1199.431;1202.2944215133946;1209.1010105673793;pattern
Q7_20_seed_155876589;11628;Seq Scan;9;Outer;;0.007;0.008;0.05188247933516271;3.31733247739632;operator
Q7_20_seed_155876589;11626;Seq Scan;8;Outer;;0.715;32.542;0.2058318816781986;32.2636879803311;operator
Q7_20_seed_155876589;11627;Hash;8;Inner;;0.01;0.01;10.395639219121833;10.395907709815063;operator
Q7_20_seed_155876589;11625;Hash Join;7;Outer;;0.736;33.677;0.9290631224802297;46.64784378487411;pattern
Q7_20_seed_155876589;11634;Seq Scan;7;Outer;;0.009;0.01;0.05188247933516271;3.31733247739632;operator
Q7_20_seed_155876589;11623;Seq Scan;6;Outer;;0.206;154.054;0.23623958645227744;151.9523495907439;operator
Q7_20_seed_155876589;11624;Hash;6;Inner;;33.97;33.971;64.71277051594186;64.71327051594184;pattern
Q7_20_seed_155876589;11632;Seq Scan;6;Outer;;0.082;2.902;0.05244914308523696;6.6748852627519;operator
Q7_20_seed_155876589;11633;Hash;6;Inner;;0.013;0.013;10.395639219121833;10.395907709815063;operator
Q7_20_seed_155876589;11622;Hash Join;5;Outer;;34.604;213.706;48.65891634072299;218.99338655993284;pattern
Q7_20_seed_155876589;11629;Index Scan;5;Inner;;0.032;0.033;0.03774110005719372;0.04062558144810407;operator
Q7_20_seed_155876589;11631;Hash Join;5;Outer;;0.101;3.242;0.9493410311214205;35.3822067915832;pattern
Q7_20_seed_155876589;11621;Nested Loop;4;Outer;;35.411;1200.81;47.67615304332179;1129.99065876923;operator
Q7_20_seed_155876589;11630;Hash;4;Inner;;3.292;3.293;48.44517102869223;48.44567102869222;pattern
Q7_20_seed_155876589;11620;Hash Join;3;Outer;;42.364;1207.955;50.37642747740988;1124.9995998686295;pattern
Q7_20_seed_155876589;11619;Sort;2;Outer;;1208.583;1208.612;1226.3018249533122;1226.3228249533122;pattern
Q7_20_seed_155876589;11618;Gather Merge;1;Outer;;1211.475;1215.241;1132.1628301292826;1134.9601232436746;operator
Q7_20_seed_155876589;11617;Aggregate;0;;;1211.98;1216.337;1202.2944215133946;1209.1010105673793;pattern
Q7_22_seed_172284651;11664;Seq Scan;9;Outer;;0.005;0.007;0.05188247933516271;3.31733247739632;operator
Q7_22_seed_172284651;11662;Seq Scan;8;Outer;;0.162;30.146;0.2058318816781986;32.2636879803311;operator
Q7_22_seed_172284651;11663;Hash;8;Inner;;0.008;0.009;10.395639219121833;10.395907709815063;operator
Q7_22_seed_172284651;11661;Hash Join;7;Outer;;0.182;31.323;0.9290631224802297;46.64784378487411;pattern
Q7_22_seed_172284651;11670;Seq Scan;7;Outer;;0.009;0.011;0.05188247933516271;3.31733247739632;operator
Q7_22_seed_172284651;11659;Seq Scan;6;Outer;;0.246;151.232;0.23623958645227744;151.9523495907439;operator
Q7_22_seed_172284651;11660;Hash;6;Inner;;32.556;32.557;64.71277051594186;64.71327051594184;pattern
Q7_22_seed_172284651;11668;Seq Scan;6;Outer;;0.08;2.75;0.05244914308523696;6.6748852627519;operator
Q7_22_seed_172284651;11669;Hash;6;Inner;;0.016;0.016;10.395639219121833;10.395907709815063;operator
Q7_22_seed_172284651;11658;Hash Join;5;Outer;;32.847;208.308;48.65891634072299;218.99338655993284;pattern
Q7_22_seed_172284651;11665;Index Scan;5;Inner;;0.032;0.033;0.03774110005719372;0.04062558144810407;operator
Q7_22_seed_172284651;11667;Hash Join;5;Outer;;0.102;3.086;0.9493410311214205;35.3822067915832;pattern
Q7_22_seed_172284651;11657;Nested Loop;4;Outer;;33.113;1173.755;47.67615304332179;1129.99065876923;operator
Q7_22_seed_172284651;11666;Hash;4;Inner;;3.136;3.137;48.44517102869223;48.44567102869222;pattern
Q7_22_seed_172284651;11656;Hash Join;3;Outer;;38.569;1180.565;50.37642747740988;1124.9995998686295;pattern
Q7_22_seed_172284651;11655;Sort;2;Outer;;1181.154;1181.183;1226.3018249533122;1226.3228249533122;pattern
Q7_22_seed_172284651;11654;Gather Merge;1;Outer;;1184.009;1187.101;1132.1628301292826;1134.9601232436746;operator
Q7_22_seed_172284651;11653;Aggregate;0;;;1184.515;1188.183;1202.2944215133946;1209.1010105673793;pattern
Q7_23_seed_180488682;11682;Seq Scan;9;Outer;;0.005;0.007;0.05188247933516271;3.31733247739632;operator
Q7_23_seed_180488682;11680;Seq Scan;8;Outer;;1.167;33.299;0.2058318816781986;32.2636879803311;operator
Q7_23_seed_180488682;11681;Hash;8;Inner;;0.009;0.009;10.395639219121833;10.395907709815063;operator
Q7_23_seed_180488682;11679;Hash Join;7;Outer;;1.186;34.453;0.9290631224802297;46.64784378487411;pattern
Q7_23_seed_180488682;11688;Seq Scan;7;Outer;;0.01;0.012;0.05188247933516271;3.31733247739632;operator
Q7_23_seed_180488682;11677;Seq Scan;6;Outer;;0.534;151.023;0.23623958645227744;151.9523495907439;operator
Q7_23_seed_180488682;11678;Hash;6;Inner;;34.994;34.995;64.71277051594186;64.71327051594184;pattern
Q7_23_seed_180488682;11686;Seq Scan;6;Outer;;0.083;3.635;0.05244914308523696;6.6748852627519;operator
Q7_23_seed_180488682;11687;Hash;6;Inner;;0.015;0.016;10.395639219121833;10.395907709815063;operator
Q7_23_seed_180488682;11676;Hash Join;5;Outer;;35.614;211.283;48.65891634072299;218.99338655993284;pattern
Q7_23_seed_180488682;11683;Index Scan;5;Inner;;0.031;0.032;0.03774110005719372;0.04062558144810407;operator
Q7_23_seed_180488682;11685;Hash Join;5;Outer;;0.104;3.963;0.9493410311214205;35.3822067915832;pattern
Q7_23_seed_180488682;11675;Nested Loop;4;Outer;;36.633;1156.69;47.67615304332179;1129.99065876923;operator
Q7_23_seed_180488682;11684;Hash;4;Inner;;4.006;4.007;48.44517102869223;48.44567102869222;pattern
Q7_23_seed_180488682;11674;Hash Join;3;Outer;;43.639;1164.69;50.37642747740988;1124.9995998686295;pattern
Q7_23_seed_180488682;11673;Sort;2;Outer;;1165.29;1165.32;1226.3018249533122;1226.3228249533122;pattern
Q7_23_seed_180488682;11672;Gather Merge;1;Outer;;1167.375;1171.095;1132.1628301292826;1134.9601232436746;operator
Q7_23_seed_180488682;11671;Aggregate;0;;;1167.928;1172.238;1202.2944215133946;1209.1010105673793;pattern
Q7_2_seed_8204031;11808;Seq Scan;9;Outer;;0.006;0.007;0.05188247933516271;3.31733247739632;operator
Q7_2_seed_8204031;11806;Seq Scan;8;Outer;;0.011;35.012;0.2058318816781986;32.2636879803311;operator
Q7_2_seed_8204031;11807;Hash;8;Inner;;0.009;0.009;10.395639219121833;10.395907709815063;operator
Q7_2_seed_8204031;11805;Hash Join;7;Outer;;0.032;36.114;0.9290631224802297;46.64784378487411;pattern
Q7_2_seed_8204031;11814;Seq Scan;7;Outer;;0.01;0.011;0.05188247933516271;3.31733247739632;operator
Q7_2_seed_8204031;11803;Seq Scan;6;Outer;;0.163;151.874;0.23623958645227744;151.9523495907439;operator
Q7_2_seed_8204031;11804;Hash;6;Inner;;36.493;36.494;64.71277051594186;64.71327051594184;pattern
Q7_2_seed_8204031;11812;Seq Scan;6;Outer;;0.12;4.97;0.05244914308523696;6.6748852627519;operator
Q7_2_seed_8204031;11813;Hash;6;Inner;;0.015;0.015;10.395639219121833;10.395907709815063;operator
Q7_2_seed_8204031;11802;Hash Join;5;Outer;;37.434;214.432;48.65891634072299;218.99338655993284;pattern
Q7_2_seed_8204031;11809;Index Scan;5;Inner;;0.031;0.032;0.03774110005719372;0.04062558144810407;operator
Q7_2_seed_8204031;11811;Hash Join;5;Outer;;0.144;5.312;0.9493410311214205;35.3822067915832;pattern
Q7_2_seed_8204031;11801;Nested Loop;4;Outer;;37.908;1181.244;47.67615304332179;1129.99065876923;operator
Q7_2_seed_8204031;11810;Hash;4;Inner;;5.36;5.36;48.44517102869223;48.44567102869222;pattern
Q7_2_seed_8204031;11800;Hash Join;3;Outer;;45.218;1190.412;50.37642747740988;1124.9995998686295;pattern
Q7_2_seed_8204031;11799;Sort;2;Outer;;1191.019;1191.048;1226.3018249533122;1226.3228249533122;pattern
Q7_2_seed_8204031;11798;Gather Merge;1;Outer;;1194.128;1197.171;1132.1628301292826;1134.9601232436746;operator
Q7_2_seed_8204031;11797;Aggregate;0;;;1194.677;1198.318;1202.2944215133946;1209.1010105673793;pattern
Q7_34_seed_270733023;11898;Seq Scan;9;Outer;;0.008;0.01;0.05188247933516271;3.31733247739632;operator
Q7_34_seed_270733023;11896;Seq Scan;8;Outer;;0.825;35.352;0.2058318816781986;32.2636879803311;operator
Q7_34_seed_270733023;11897;Hash;8;Inner;;0.012;0.012;10.395639219121833;10.395907709815063;operator
Q7_34_seed_270733023;11895;Hash Join;7;Outer;;0.852;36.449;0.9290631224802297;46.64784378487411;pattern
Q7_34_seed_270733023;11904;Seq Scan;7;Outer;;0.011;0.013;0.05188247933516271;3.31733247739632;operator
Q7_34_seed_270733023;11893;Seq Scan;6;Outer;;0.298;154.217;0.23623958645227744;151.9523495907439;operator
Q7_34_seed_270733023;11894;Hash;6;Inner;;36.831;36.832;64.71277051594186;64.71327051594184;pattern
Q7_34_seed_270733023;11902;Seq Scan;6;Outer;;0.085;2.433;0.05244914308523696;6.6748852627519;operator
Q7_34_seed_270733023;11903;Hash;6;Inner;;0.016;0.016;10.395639219121833;10.395907709815063;operator
Q7_34_seed_270733023;11892;Hash Join;5;Outer;;37.906;216.123;48.65891634072299;218.99338655993284;pattern
Q7_34_seed_270733023;11899;Index Scan;5;Inner;;0.031;0.032;0.03774110005719372;0.04062558144810407;operator
Q7_34_seed_270733023;11901;Hash Join;5;Outer;;0.108;2.795;0.9493410311214205;35.3822067915832;pattern
Q7_34_seed_270733023;11891;Nested Loop;4;Outer;;39.536;1161.111;47.67615304332179;1129.99065876923;operator
Q7_34_seed_270733023;11900;Hash;4;Inner;;2.846;2.847;48.44517102869223;48.44567102869222;pattern
Q7_34_seed_270733023;11890;Hash Join;3;Outer;;43.811;1167.868;50.37642747740988;1124.9995998686295;pattern
Q7_34_seed_270733023;11889;Sort;2;Outer;;1168.474;1168.506;1226.3018249533122;1226.3228249533122;pattern
Q7_34_seed_270733023;11888;Gather Merge;1;Outer;;1171.018;1174.153;1132.1628301292826;1134.9601232436746;operator
Q7_34_seed_270733023;11887;Aggregate;0;;;1171.485;1175.231;1202.2944215133946;1209.1010105673793;pattern
Q7_52_seed_418405581;12258;Seq Scan;9;Outer;;0.007;0.01;0.05188247933516271;3.31733247739632;operator
Q7_52_seed_418405581;12256;Seq Scan;8;Outer;;0.082;36.4;0.2058318816781986;32.2636879803311;operator
Q7_52_seed_418405581;12257;Hash;8;Inner;;0.014;0.014;10.395639219121833;10.395907709815063;operator
Q7_52_seed_418405581;12255;Hash Join;7;Outer;;0.105;37.491;0.9290631224802297;46.64784378487411;pattern
Q7_52_seed_418405581;12264;Seq Scan;7;Outer;;0.012;0.014;0.05188247933516271;3.31733247739632;operator
Q7_52_seed_418405581;12253;Seq Scan;6;Outer;;0.201;149.692;0.23623958645227744;151.9523495907439;operator
Q7_52_seed_418405581;12254;Hash;6;Inner;;37.871;37.871;64.71277051594186;64.71327051594184;pattern
Q7_52_seed_418405581;12262;Seq Scan;6;Outer;;0.085;1.965;0.05244914308523696;6.6748852627519;operator
Q7_52_seed_418405581;12263;Hash;6;Inner;;0.017;0.017;10.395639219121833;10.395907709815063;operator
Q7_52_seed_418405581;12252;Hash Join;5;Outer;;38.893;213.954;48.65891634072299;218.99338655993284;pattern
Q7_52_seed_418405581;12259;Index Scan;5;Inner;;0.032;0.033;0.03774110005719372;0.04062558144810407;operator
Q7_52_seed_418405581;12261;Hash Join;5;Outer;;0.107;2.318;0.9493410311214205;35.3822067915832;pattern
Q7_52_seed_418405581;12251;Nested Loop;4;Outer;;39.313;1193.983;47.67615304332179;1129.99065876923;operator
Q7_52_seed_418405581;12260;Hash;4;Inner;;2.386;2.387;48.44517102869223;48.44567102869222;pattern
Q7_52_seed_418405581;12250;Hash Join;3;Outer;;42.053;1200.163;50.37642747740988;1124.9995998686295;pattern
Q7_52_seed_418405581;12249;Sort;2;Outer;;1200.757;1200.787;1226.3018249533122;1226.3228249533122;pattern
Q7_52_seed_418405581;12248;Gather Merge;1;Outer;;1203.534;1206.74;1132.1628301292826;1134.9601232436746;operator
Q7_52_seed_418405581;12247;Aggregate;0;;;1204.069;1207.854;1202.2944215133946;1209.1010105673793;pattern
Q7_79_seed_639914418;12780;Seq Scan;9;Outer;;0.005;0.007;0.05188247933516271;3.31733247739632;operator
Q7_79_seed_639914418;12778;Seq Scan;8;Outer;;0.165;33.788;0.2058318816781986;32.2636879803311;operator
Q7_79_seed_639914418;12779;Hash;8;Inner;;0.008;0.009;10.395639219121833;10.395907709815063;operator
Q7_79_seed_639914418;12777;Hash Join;7;Outer;;0.182;34.976;0.9290631224802297;46.64784378487411;pattern
Q7_79_seed_639914418;12786;Seq Scan;7;Outer;;0.01;0.012;0.05188247933516271;3.31733247739632;operator
Q7_79_seed_639914418;12775;Seq Scan;6;Outer;;0.269;152.635;0.23623958645227744;151.9523495907439;operator
Q7_79_seed_639914418;12776;Hash;6;Inner;;36.111;36.112;64.71277051594186;64.71327051594184;pattern
Q7_79_seed_639914418;12784;Seq Scan;6;Outer;;0.083;3.501;0.05244914308523696;6.6748852627519;operator
Q7_79_seed_639914418;12785;Hash;6;Inner;;0.015;0.015;10.395639219121833;10.395907709815063;operator
Q7_79_seed_639914418;12774;Hash Join;5;Outer;;36.423;213.412;48.65891634072299;218.99338655993284;pattern
Q7_79_seed_639914418;12781;Index Scan;5;Inner;;0.032;0.033;0.03774110005719372;0.04062558144810407;operator
Q7_79_seed_639914418;12783;Hash Join;5;Outer;;0.104;3.807;0.9493410311214205;35.3822067915832;pattern
Q7_79_seed_639914418;12773;Nested Loop;4;Outer;;37.458;1195.587;47.67615304332179;1129.99065876923;operator
Q7_79_seed_639914418;12782;Hash;4;Inner;;3.847;3.848;48.44517102869223;48.44567102869222;pattern
Q7_79_seed_639914418;12772;Hash Join;3;Outer;;43.684;1203.368;50.37642747740988;1124.9995998686295;pattern
Q7_79_seed_639914418;12771;Sort;2;Outer;;1203.932;1203.96;1226.3018249533122;1226.3228249533122;pattern
Q7_79_seed_639914418;12770;Gather Merge;1;Outer;;1206.013;1209.759;1132.1628301292826;1134.9601232436746;operator
Q7_79_seed_639914418;12769;Aggregate;0;;;1206.557;1210.95;1202.2944215133946;1209.1010105673793;pattern
Q7_89_seed_721954728;12978;Seq Scan;9;Outer;;0.005;0.006;0.05188247933516271;3.31733247739632;operator
Q7_89_seed_721954728;12976;Seq Scan;8;Outer;;0.622;34.52;0.2058318816781986;32.2636879803311;operator
Q7_89_seed_721954728;12977;Hash;8;Inner;;0.01;0.01;10.395639219121833;10.395907709815063;operator
Q7_89_seed_721954728;12975;Hash Join;7;Outer;;0.638;35.625;0.9290631224802297;46.64784378487411;pattern
Q7_89_seed_721954728;12984;Seq Scan;7;Outer;;0.008;0.01;0.05188247933516271;3.31733247739632;operator
Q7_89_seed_721954728;12973;Seq Scan;6;Outer;;0.739;154.837;0.23623958645227744;151.9523495907439;operator
Q7_89_seed_721954728;12974;Hash;6;Inner;;35.96;35.961;64.71277051594186;64.71327051594184;pattern
Q7_89_seed_721954728;12982;Seq Scan;6;Outer;;0.075;2.529;0.05244914308523696;6.6748852627519;operator
Q7_89_seed_721954728;12983;Hash;6;Inner;;0.013;0.013;10.395639219121833;10.395907709815063;operator
Q7_89_seed_721954728;12972;Hash Join;5;Outer;;37.051;216.649;48.65891634072299;218.99338655993284;pattern
Q7_89_seed_721954728;12979;Index Scan;5;Inner;;0.033;0.033;0.03774110005719372;0.04062558144810407;operator
Q7_89_seed_721954728;12981;Hash Join;5;Outer;;0.096;2.852;0.9493410311214205;35.3822067915832;pattern
Q7_89_seed_721954728;12971;Nested Loop;4;Outer;;37.418;1225.333;47.67615304332179;1129.99065876923;operator
Q7_89_seed_721954728;12980;Hash;4;Inner;;2.897;2.898;48.44517102869223;48.44567102869222;pattern
Q7_89_seed_721954728;12970;Hash Join;3;Outer;;43.99;1232.177;50.37642747740988;1124.9995998686295;pattern
Q7_89_seed_721954728;12969;Sort;2;Outer;;1232.882;1232.913;1226.3018249533122;1226.3228249533122;pattern
Q7_89_seed_721954728;12968;Gather Merge;1;Outer;;1235.849;1238.966;1132.1628301292826;1134.9601232436746;operator
Q7_89_seed_721954728;12967;Aggregate;0;;;1236.398;1240.128;1202.2944215133946;1209.1010105673793;pattern
Q7_91_seed_738362790;13032;Seq Scan;9;Outer;;0.006;0.007;0.05188247933516271;3.31733247739632;operator
Q7_91_seed_738362790;13030;Seq Scan;8;Outer;;0.178;36.663;0.2058318816781986;32.2636879803311;operator
Q7_91_seed_738362790;13031;Hash;8;Inner;;0.01;0.01;10.395639219121833;10.395907709815063;operator
Q7_91_seed_738362790;13029;Hash Join;7;Outer;;0.246;37.768;0.9290631224802297;46.64784378487411;pattern
Q7_91_seed_738362790;13038;Seq Scan;7;Outer;;0.01;0.011;0.05188247933516271;3.31733247739632;operator
Q7_91_seed_738362790;13027;Seq Scan;6;Outer;;0.196;155.157;0.23623958645227744;151.9523495907439;operator
Q7_91_seed_738362790;13028;Hash;6;Inner;;38.091;38.092;64.71277051594186;64.71327051594184;pattern
Q7_91_seed_738362790;13036;Seq Scan;6;Outer;;0.083;2.47;0.05244914308523696;6.6748852627519;operator
Q7_91_seed_738362790;13037;Hash;6;Inner;;0.013;0.013;10.395639219121833;10.395907709815063;operator
Q7_91_seed_738362790;13026;Hash Join;5;Outer;;38.622;219.817;48.65891634072299;218.99338655993284;pattern
Q7_91_seed_738362790;13033;Index Scan;5;Inner;;0.032;0.033;0.03774110005719372;0.04062558144810407;operator
Q7_91_seed_738362790;13035;Hash Join;5;Outer;;0.104;2.799;0.9493410311214205;35.3822067915832;pattern
Q7_91_seed_738362790;13025;Nested Loop;4;Outer;;39.137;1211.6;47.67615304332179;1129.99065876923;operator
Q7_91_seed_738362790;13034;Hash;4;Inner;;2.844;2.845;48.44517102869223;48.44567102869222;pattern
Q7_91_seed_738362790;13024;Hash Join;3;Outer;;43.425;1218.371;50.37642747740988;1124.9995998686295;pattern
Q7_91_seed_738362790;13023;Sort;2;Outer;;1219.006;1219.037;1226.3018249533122;1226.3228249533122;pattern
Q7_91_seed_738362790;13022;Gather Merge;1;Outer;;1221.472;1225.012;1132.1628301292826;1134.9601232436746;operator
Q7_91_seed_738362790;13021;Aggregate;0;;;1222.044;1226.241;1202.2944215133946;1209.1010105673793;pattern
Q7_96_seed_779382945;13122;Seq Scan;9;Outer;;0.006;0.007;0.05188247933516271;3.31733247739632;operator
Q7_96_seed_779382945;13120;Seq Scan;8;Outer;;0.01;33.685;0.2058318816781986;32.2636879803311;operator
Q7_96_seed_779382945;13121;Hash;8;Inner;;0.01;0.01;10.395639219121833;10.395907709815063;operator
Q7_96_seed_779382945;13119;Hash Join;7;Outer;;0.029;34.783;0.9290631224802297;46.64784378487411;pattern
Q7_96_seed_779382945;13128;Seq Scan;7;Outer;;0.009;0.01;0.05188247933516271;3.31733247739632;operator
Q7_96_seed_779382945;13117;Seq Scan;6;Outer;;0.227;152.741;0.23623958645227744;151.9523495907439;operator
Q7_96_seed_779382945;13118;Hash;6;Inner;;35.406;35.407;64.71277051594186;64.71327051594184;pattern
Q7_96_seed_779382945;13126;Seq Scan;6;Outer;;0.077;4.53;0.05244914308523696;6.6748852627519;operator
Q7_96_seed_779382945;13127;Hash;6;Inner;;0.014;0.014;10.395639219121833;10.395907709815063;operator
Q7_96_seed_779382945;13116;Hash Join;5;Outer;;36.403;213.745;48.65891634072299;218.99338655993284;pattern
Q7_96_seed_779382945;13123;Index Scan;5;Inner;;0.032;0.032;0.03774110005719372;0.04062558144810407;operator
Q7_96_seed_779382945;13125;Hash Join;5;Outer;;0.098;4.847;0.9493410311214205;35.3822067915832;pattern
Q7_96_seed_779382945;13115;Nested Loop;4;Outer;;36.734;1190.494;47.67615304332179;1129.99065876923;operator
Q7_96_seed_779382945;13124;Hash;4;Inner;;4.889;4.89;48.44517102869223;48.44567102869222;pattern
Q7_96_seed_779382945;13114;Hash Join;3;Outer;;44.333;1199.177;50.37642747740988;1124.9995998686295;pattern
Q7_96_seed_779382945;13113;Sort;2;Outer;;1199.777;1199.809;1226.3018249533122;1226.3228249533122;pattern
Q7_96_seed_779382945;13112;Gather Merge;1;Outer;;1202.256;1205.527;1132.1628301292826;1134.9601232436746;operator
Q7_96_seed_779382945;13111;Aggregate;0;;;1202.84;1206.729;1202.2944215133946;1209.1010105673793;pattern
Q8_106_seed_861423255;13355;Seq Scan;13;Outer;;0.179;0.18;0.05186146210476378;13.079574437254479;operator
Q8_106_seed_861423255;13353;Seq Scan;12;Outer;;0.014;0.014;0.05182032088445343;6.220199590371749;operator
Q8_106_seed_861423255;13354;Hash;12;Inner;;0.183;0.184;11.10386993685431;11.104138686953476;operator
Q8_106_seed_861423255;13352;Hash Join;11;Outer;;0.204;0.207;0.8048912293360928;34.7439682841341;pattern
Q8_106_seed_861423255;13350;Seq Scan;10;Outer;;0.199;27.131;0.2058318816781986;32.2636879803311;operator
Q8_106_seed_861423255;13351;Hash;10;Inner;;0.209;0.21;43.47805011642102;43.478550116421005;pattern
Q8_106_seed_861423255;13349;Hash Join;9;Outer;;0.42;28.703;8.463390157812832;58.341505634504244;pattern
Q8_106_seed_861423255;13347;Seq Scan;8;Outer;;0.197;157.728;0.23042557078268977;160.37703095581688;operator
Q8_106_seed_861423255;13348;Hash;8;Inner;;29.357;29.358;120.76520758712951;120.76570758712951;pattern
Q8_106_seed_861423255;13346;Hash Join;7;Outer;;29.673;204.477;60.62073364941592;271.85650906338503;pattern
Q8_106_seed_861423255;13356;Index Scan;7;Inner;;0.038;0.04;0.037741115854347924;0.04062558144810407;operator
Q8_106_seed_861423255;13358;Seq Scan;7;Outer;;0.704;36.573;0.38797706580905184;39.35304103506152;operator
Q8_106_seed_861423255;13345;Nested Loop;6;Outer;;29.913;1130.404;38.79443093658544;1118.21069362758;operator
Q8_106_seed_861423255;13357;Hash;6;Inner;;36.704;36.704;17.38607308702943;17.38635369606216;operator
Q8_106_seed_861423255;13344;Hash Join;5;Outer;;72.794;1171.46;85.78540902753332;1204.7913832451295;pattern
Q8_106_seed_861423255;13359;Index Scan;5;Inner;;0.006;0.006;0.005962461696943181;0.006192428531057802;operator
Q8_106_seed_861423255;13361;Seq Scan;5;Outer;;0.012;0.012;0.05182032088445343;3.318337216688235;operator
Q8_106_seed_861423255;13343;Nested Loop;4;Outer;;72.973;1174.973;54.236730585515204;1150.0862507625382;operator
Q8_106_seed_861423255;13360;Hash;4;Inner;;0.016;0.016;10.402055745812149;10.402324494838766;operator
Q8_106_seed_861423255;13342;Hash Join;3;Outer;;73.062;1175.286;82.56809433782252;1207.8664778667194;pattern
Q8_106_seed_861423255;13341;Sort;2;Outer;;1175.515;1175.529;1252.7868263772682;1252.8078263772682;pattern
Q8_106_seed_861423255;13340;Gather Merge;1;Outer;;1178.115;1180.508;1133.5529399750387;1136.3498476649015;operator
Q8_106_seed_861423255;13339;Aggregate;0;;;1178.424;1180.903;1201.9451641980954;1209.9623121527434;pattern
Q8_109_seed_886035348;13424;Seq Scan;13;Outer;;0.212;0.212;0.05186146210476378;13.079574437254479;operator
Q8_109_seed_886035348;13422;Seq Scan;12;Outer;;0.009;0.01;0.05182032088445343;6.220199590371749;operator
Q8_109_seed_886035348;13423;Hash;12;Inner;;0.216;0.216;11.10386993685431;11.104138686953476;operator
Q8_109_seed_886035348;13421;Hash Join;11;Outer;;0.23;0.231;0.8048912293360928;34.7439682841341;pattern
Q8_109_seed_886035348;13419;Seq Scan;10;Outer;;0.024;32.787;0.2058318816781986;32.2636879803311;operator
Q8_109_seed_886035348;13420;Hash;10;Inner;;0.234;0.234;43.47805011642102;43.478550116421005;pattern
Q8_109_seed_886035348;13418;Hash Join;9;Outer;;0.266;34.322;8.463390157812832;58.341505634504244;pattern
Q8_109_seed_886035348;13416;Seq Scan;8;Outer;;0.183;158.736;0.23042557078268977;160.37703095581688;operator
Q8_109_seed_886035348;13417;Hash;8;Inner;;35.189;35.19;120.76520758712951;120.76570758712951;pattern
Q8_109_seed_886035348;13415;Hash Join;7;Outer;;36.16;212.465;60.62073364941592;271.85650906338503;pattern
Q8_109_seed_886035348;13425;Index Scan;7;Inner;;0.039;0.041;0.037741115854347924;0.04062558144810407;operator
Q8_109_seed_886035348;13427;Seq Scan;7;Outer;;0.175;36.986;0.3879323403755736;39.33988282039084;operator
Q8_109_seed_886035348;13414;Nested Loop;6;Outer;;36.42;1167.462;38.79443093658544;1118.21069362758;operator
Q8_109_seed_886035348;13426;Hash;6;Inner;;37.128;37.128;17.391718908305762;17.39199977877138;operator
Q8_109_seed_886035348;13413;Hash Join;5;Outer;;79.057;1209.019;85.78233488696031;1204.7941260435557;pattern
Q8_109_seed_886035348;13428;Index Scan;5;Inner;;0.006;0.006;0.005962461696943181;0.006192428531057802;operator
Q8_109_seed_886035348;13430;Seq Scan;5;Outer;;0.008;0.009;0.05182032088445343;3.318337216688235;operator
Q8_109_seed_886035348;13412;Nested Loop;4;Outer;;79.284;1212.746;54.239687551622396;1150.0908947017087;operator
Q8_109_seed_886035348;13429;Hash;4;Inner;;0.012;0.013;10.402055745812149;10.402324494838766;operator
Q8_109_seed_886035348;13411;Hash Join;3;Outer;;79.353;1213.046;82.56850215866044;1207.867674233334;pattern
Q8_109_seed_886035348;13410;Sort;2;Outer;;1213.265;1213.278;1252.7872885554063;1252.8082885554063;pattern
Q8_109_seed_886035348;13409;Gather Merge;1;Outer;;1216.023;1218.438;1133.6596430326367;1136.4534633064131;operator
Q8_109_seed_886035348;13408;Aggregate;0;;;1216.315;1218.821;1200.4149077438888;1208.532311873122;pattern
Q8_10_seed_73836279;13447;Seq Scan;13;Outer;;0.14;0.14;0.05186146210476378;13.079574437254479;operator
Q8_10_seed_73836279;13445;Seq Scan;12;Outer;;0.01;0.01;0.05182032088445343;6.220199590371749;operator
Q8_10_seed_73836279;13446;Hash;12;Inner;;0.143;0.143;11.10386993685431;11.104138686953476;operator
Q8_10_seed_73836279;13444;Hash Join;11;Outer;;0.158;0.16;0.8048912293360928;34.7439682841341;pattern
Q8_10_seed_73836279;13442;Seq Scan;10;Outer;;0.169;32.799;0.2058318816781986;32.2636879803311;operator
Q8_10_seed_73836279;13443;Hash;10;Inner;;0.162;0.162;43.47805011642102;43.478550116421005;pattern
Q8_10_seed_73836279;13441;Hash Join;9;Outer;;0.337;34.26;8.463390157812832;58.341505634504244;pattern
Q8_10_seed_73836279;13439;Seq Scan;8;Outer;;0.227;153.796;0.23042557078268977;160.37703095581688;operator
Q8_10_seed_73836279;13440;Hash;8;Inner;;34.952;34.953;120.76520758712951;120.76570758712951;pattern
Q8_10_seed_73836279;13438;Hash Join;7;Outer;;36.453;207.718;60.62073364941592;271.85650906338503;pattern
Q8_10_seed_73836279;13448;Index Scan;7;Inner;;0.038;0.04;0.037741115854347924;0.04062558144810407;operator
Q8_10_seed_73836279;13450;Seq Scan;7;Outer;;0.14;39.141;0.3879342849811317;39.34045474557371;operator
Q8_10_seed_73836279;13437;Nested Loop;6;Outer;;36.615;1147.451;38.79443093658544;1118.21069362758;operator
Q8_10_seed_73836279;13449;Hash;6;Inner;;39.249;39.249;17.391473384469435;17.391754243564293;operator
Q8_10_seed_73836279;13436;Hash Join;5;Outer;;80.218;1191.251;85.78247506745443;1204.794007849362;pattern
Q8_10_seed_73836279;13451;Index Scan;5;Inner;;0.005;0.005;0.005962461696943181;0.006192428531057802;operator
Q8_10_seed_73836279;13453;Seq Scan;5;Outer;;0.009;0.01;0.05182032088445343;3.318337216688235;operator
Q8_10_seed_73836279;13435;Nested Loop;4;Outer;;80.492;1194.814;54.23950992006631;1150.0906148842862;operator
Q8_10_seed_73836279;13452;Hash;4;Inner;;0.015;0.015;10.402055745812149;10.402324494838766;operator
Q8_10_seed_73836279;13434;Hash Join;3;Outer;;80.562;1195.126;82.56848284188521;1207.8676132882997;pattern
Q8_10_seed_73836279;13433;Sort;2;Outer;;1195.359;1195.373;1252.7872664334811;1252.808266433481;pattern
Q8_10_seed_73836279;13432;Gather Merge;1;Outer;;1200.47;1201.724;1133.6062774699597;1136.4016807403364;operator
Q8_10_seed_73836279;13431;Aggregate;0;;;1200.809;1202.167;1200.7478475367323;1208.8443050267574;pattern
Q8_111_seed_902443410;13493;Seq Scan;13;Outer;;0.073;0.073;0.05186146210476378;13.079574437254479;operator
Q8_111_seed_902443410;13491;Seq Scan;12;Outer;;0.007;0.008;0.05182032088445343;6.220199590371749;operator
Q8_111_seed_902443410;13492;Hash;12;Inner;;0.076;0.076;11.10386993685431;11.104138686953476;operator
Q8_111_seed_902443410;13490;Hash Join;11;Outer;;0.088;0.09;0.8048912293360928;34.7439682841341;pattern
Q8_111_seed_902443410;13488;Seq Scan;10;Outer;;0.517;33.04;0.2058318816781986;32.2636879803311;operator
Q8_111_seed_902443410;13489;Hash;10;Inner;;0.092;0.093;43.47805011642102;43.478550116421005;pattern
Q8_111_seed_902443410;13487;Hash Join;9;Outer;;0.616;34.382;8.463390157812832;58.341505634504244;pattern
Q8_111_seed_902443410;13485;Seq Scan;8;Outer;;0.204;158.816;0.23042557078268977;160.37703095581688;operator
Q8_111_seed_902443410;13486;Hash;8;Inner;;36.053;36.054;120.76520758712951;120.76570758712951;pattern
Q8_111_seed_902443410;13484;Hash Join;7;Outer;;37.294;213.782;60.62073364941592;271.85650906338503;pattern
Q8_111_seed_902443410;13494;Index Scan;7;Inner;;0.039;0.042;0.037741115854347924;0.04062558144810407;operator
Q8_111_seed_902443410;13496;Seq Scan;7;Outer;;0.56;39.498;0.3879265065444513;39.338167138173816;operator
Q8_111_seed_902443410;13483;Nested Loop;6;Outer;;38.626;1185.221;38.79443093658544;1118.21069362758;operator
Q8_111_seed_902443410;13495;Hash;6;Inner;;39.74;39.74;17.392455508898294;17.39273641347789;operator
Q8_111_seed_902443410;13482;Hash Join;5;Outer;;79.275;1229.757;85.78193932665471;1204.7944837166083;pattern
Q8_111_seed_902443410;13497;Index Scan;5;Inner;;0.007;0.007;0.005962461696943181;0.006192428531057802;operator
Q8_111_seed_902443410;13499;Seq Scan;5;Outer;;0.011;0.012;0.05182032088445343;3.318337216688235;operator
Q8_111_seed_902443410;13481;Nested Loop;4;Outer;;79.479;1234.561;54.24004811710118;1150.0914601479965;operator
Q8_111_seed_902443410;13498;Hash;4;Inner;;0.016;0.016;10.402055745812149;10.402324494838766;operator
Q8_111_seed_902443410;13480;Hash Join;3;Outer;;79.557;1234.881;82.56855583703026;1207.8678252044972;pattern
Q8_111_seed_902443410;13479;Sort;2;Outer;;1235.152;1235.166;1252.78734903853;1252.80834903853;pattern
Q8_111_seed_902443410;13478;Gather Merge;1;Outer;;1238.93;1240.963;1133.6332185782849;1136.4278360984838;operator
Q8_111_seed_902443410;13477;Aggregate;0;;;1239.321;1241.46;1199.5481015271148;1207.7183416963576;pattern
Q8_125_seed_1017299844;13838;Seq Scan;13;Outer;;0.211;0.211;0.05186146210476378;13.079574437254479;operator
Q8_125_seed_1017299844;13836;Seq Scan;12;Outer;;0.009;0.01;0.05182032088445343;6.220199590371749;operator
Q8_125_seed_1017299844;13837;Hash;12;Inner;;0.215;0.215;11.10386993685431;11.104138686953476;operator
Q8_125_seed_1017299844;13835;Hash Join;11;Outer;;0.229;0.231;0.8048912293360928;34.7439682841341;pattern
Q8_125_seed_1017299844;13833;Seq Scan;10;Outer;;0.021;36.101;0.2058318816781986;32.2636879803311;operator
Q8_125_seed_1017299844;13834;Hash;10;Inner;;0.234;0.235;43.47805011642102;43.478550116421005;pattern
Q8_125_seed_1017299844;13832;Hash Join;9;Outer;;0.266;37.657;8.463390157812832;58.341505634504244;pattern
Q8_125_seed_1017299844;13830;Seq Scan;8;Outer;;0.289;159.574;0.23042557078268977;160.37703095581688;operator
Q8_125_seed_1017299844;13831;Hash;8;Inner;;38.256;38.257;120.76520758712951;120.76570758712951;pattern
Q8_125_seed_1017299844;13829;Hash Join;7;Outer;;38.597;215.879;60.62073364941592;271.85650906338503;pattern
Q8_125_seed_1017299844;13839;Index Scan;7;Inner;;0.042;0.044;0.037741115854347924;0.04062558144810407;operator
Q8_125_seed_1017299844;13841;Seq Scan;7;Outer;;0.345;41.814;0.3879342849811317;39.34045474557371;operator
Q8_125_seed_1017299844;13828;Nested Loop;6;Outer;;38.844;1220.356;38.79443093658544;1118.21069362758;operator
Q8_125_seed_1017299844;13840;Hash;6;Inner;;41.895;41.895;17.391473384469435;17.391754243564293;operator
Q8_125_seed_1017299844;13827;Hash Join;5;Outer;;86.751;1266.766;85.78247506745443;1204.794007849362;pattern
Q8_125_seed_1017299844;13842;Index Scan;5;Inner;;0.006;0.006;0.005962461696943181;0.006192428531057802;operator
Q8_125_seed_1017299844;13844;Seq Scan;5;Outer;;0.012;0.013;0.05182032088445343;3.318337216688235;operator
Q8_125_seed_1017299844;13826;Nested Loop;4;Outer;;86.959;1270.633;54.23950992006631;1150.0906148842862;operator
Q8_125_seed_1017299844;13843;Hash;4;Inner;;0.016;0.016;10.402055745812149;10.402324494838766;operator
Q8_125_seed_1017299844;13825;Hash Join;3;Outer;;87.045;1270.967;82.56848284188521;1207.8676132882997;pattern
Q8_125_seed_1017299844;13824;Sort;2;Outer;;1271.215;1271.228;1252.7872664334811;1252.808266433481;pattern
Q8_125_seed_1017299844;13823;Gather Merge;1;Outer;;1274.524;1276.811;1133.6062774699597;1136.4016807403364;operator
Q8_125_seed_1017299844;13822;Aggregate;0;;;1274.85;1277.228;1200.7478475367323;1208.8443050267574;pattern
Q8_130_seed_1058319999;13976;Seq Scan;13;Outer;;0.059;0.059;0.05186146210476378;13.079574437254479;operator
Q8_130_seed_1058319999;13974;Seq Scan;12;Outer;;0.013;0.013;0.05182032088445343;6.220199590371749;operator
Q8_130_seed_1058319999;13975;Hash;12;Inner;;0.062;0.062;11.10386993685431;11.104138686953476;operator
Q8_130_seed_1058319999;13973;Hash Join;11;Outer;;0.082;0.084;0.8048912293360928;34.7439682841341;pattern
Q8_130_seed_1058319999;13971;Seq Scan;10;Outer;;0.243;34.084;0.2058318816781986;32.2636879803311;operator
Q8_130_seed_1058319999;13972;Hash;10;Inner;;0.086;0.087;43.47805011642102;43.478550116421005;pattern
Q8_130_seed_1058319999;13970;Hash Join;9;Outer;;0.336;35.485;8.463390157812832;58.341505634504244;pattern
Q8_130_seed_1058319999;13968;Seq Scan;8;Outer;;0.207;159.774;0.23042557078268977;160.37703095581688;operator
Q8_130_seed_1058319999;13969;Hash;8;Inner;;36.083;36.084;120.76520758712951;120.76570758712951;pattern
Q8_130_seed_1058319999;13967;Hash Join;7;Outer;;37.174;214.822;60.62073364941592;271.85650906338503;pattern
Q8_130_seed_1058319999;13977;Index Scan;7;Inner;;0.04;0.042;0.037741115854347924;0.04062558144810407;operator
Q8_130_seed_1058319999;13979;Seq Scan;7;Outer;;0.374;40.912;0.38794984176161595;39.345030707033004;operator
Q8_130_seed_1058319999;13966;Nested Loop;6;Outer;;37.355;1178.076;38.79443093658544;1118.21069362758;operator
Q8_130_seed_1058319999;13978;Hash;6;Inner;;40.969;40.97;17.38950936833325;17.389790136475852;operator
Q8_130_seed_1058319999;13965;Hash Join;5;Outer;;83.739;1224.245;85.78354652844624;1204.7930551535387;pattern
Q8_130_seed_1058319999;13980;Index Scan;5;Inner;;0.006;0.006;0.005962461696943181;0.006192428531057802;operator
Q8_130_seed_1058319999;13982;Seq Scan;5;Outer;;0.008;0.009;0.05182032088445343;3.318337216688235;operator
Q8_130_seed_1058319999;13964;Nested Loop;4;Outer;;84.063;1228.225;54.23843503569654;1150.0889263121983;operator
Q8_130_seed_1058319999;13981;Hash;4;Inner;;0.013;0.013;10.402055745812149;10.402324494838766;operator
Q8_130_seed_1058319999;13963;Hash Join;3;Outer;;84.141;1228.537;82.5683372956806;1207.8671904458945;pattern
Q8_130_seed_1058319999;13962;Sort;2;Outer;;1228.77;1228.785;1252.7871017099437;1252.8081017099437;pattern
Q8_130_seed_1058319999;13961;Gather Merge;1;Outer;;1232.49;1235.004;1133.596307080523;1136.3919747118996;operator
Q8_130_seed_1058319999;13960;Aggregate;0;;;1232.832;1235.438;1201.9441748780628;1209.962179513827;pattern
Q8_149_seed_1214196588;14436;Seq Scan;13;Outer;;0.205;0.206;0.05186146210476378;13.079574437254479;operator
Q8_149_seed_1214196588;14434;Seq Scan;12;Outer;;0.008;0.009;0.05182032088445343;6.220199590371749;operator
Q8_149_seed_1214196588;14435;Hash;12;Inner;;0.209;0.209;11.10386993685431;11.104138686953476;operator
Q8_149_seed_1214196588;14433;Hash Join;11;Outer;;0.223;0.225;0.8048912293360928;34.7439682841341;pattern
Q8_149_seed_1214196588;14431;Seq Scan;10;Outer;;0.162;35.462;0.2058318816781986;32.2636879803311;operator
Q8_149_seed_1214196588;14432;Hash;10;Inner;;0.227;0.227;43.47805011642102;43.478550116421005;pattern
Q8_149_seed_1214196588;14430;Hash Join;9;Outer;;0.395;36.948;8.463390157812832;58.341505634504244;pattern
Q8_149_seed_1214196588;14428;Seq Scan;8;Outer;;0.405;161.279;0.23042557078268977;160.37703095581688;operator
Q8_149_seed_1214196588;14429;Hash;8;Inner;;37.519;37.52;120.76520758712951;120.76570758712951;pattern
Q8_149_seed_1214196588;14427;Hash Join;7;Outer;;38.811;217.635;60.62073364941592;271.85650906338503;pattern
Q8_149_seed_1214196588;14437;Index Scan;7;Inner;;0.041;0.043;0.037741115854347924;0.04062558144810407;operator
Q8_149_seed_1214196588;14439;Seq Scan;7;Outer;;0.636;39.837;0.38795567552023463;39.346746949244704;operator
Q8_149_seed_1214196588;14426;Nested Loop;6;Outer;;40.168;1207.491;38.79443093658544;1118.21069362758;operator
Q8_149_seed_1214196588;14438;Hash;6;Inner;;39.933;39.933;17.388772942297166;17.38905367633889;operator
Q8_149_seed_1214196588;14425;Hash Join;5;Outer;;85.066;1251.885;85.78394207351678;1204.79269675956;pattern
Q8_149_seed_1214196588;14440;Index Scan;5;Inner;;0.006;0.006;0.005962461696943181;0.006192428531057802;operator
Q8_149_seed_1214196588;14442;Seq Scan;5;Outer;;0.01;0.011;0.05182032088445343;3.318337216688235;operator
Q8_149_seed_1214196588;14424;Nested Loop;4;Outer;;85.264;1255.912;54.23807547252618;1150.0883621650798;operator
Q8_149_seed_1214196588;14441;Hash;4;Inner;;0.014;0.015;10.402055745812149;10.402324494838766;operator
Q8_149_seed_1214196588;14423;Hash Join;3;Outer;;85.349;1256.229;82.56828376250283;1207.8670397314397;pattern
Q8_149_seed_1214196588;14422;Sort;2;Outer;;1256.465;1256.478;1252.7870413823457;1252.8080413823457;pattern
Q8_149_seed_1214196588;14421;Gather Merge;1;Outer;;1259.609;1262.104;1133.5324175897733;1136.3299773065828;operator
Q8_149_seed_1214196588;14420;Aggregate;0;;;1259.91;1262.493;1201.9443830191503;1209.9622073315986;pattern
Q8_14_seed_106652403;14459;Seq Scan;13;Outer;;0.123;0.124;0.05186146210476378;13.079574437254479;operator
Q8_14_seed_106652403;14457;Seq Scan;12;Outer;;0.009;0.009;0.05182032088445343;6.220199590371749;operator
Q8_14_seed_106652403;14458;Hash;12;Inner;;0.127;0.127;11.10386993685431;11.104138686953476;operator
Q8_14_seed_106652403;14456;Hash Join;11;Outer;;0.141;0.143;0.8048912293360928;34.7439682841341;pattern
Q8_14_seed_106652403;14454;Seq Scan;10;Outer;;0.24;30.58;0.2058318816781986;32.2636879803311;operator
Q8_14_seed_106652403;14455;Hash;10;Inner;;0.146;0.146;43.47805011642102;43.478550116421005;pattern
Q8_14_seed_106652403;14453;Hash Join;9;Outer;;0.395;32.059;8.463390157812832;58.341505634504244;pattern
Q8_14_seed_106652403;14451;Seq Scan;8;Outer;;0.254;156.273;0.23042557078268977;160.37703095581688;operator
Q8_14_seed_106652403;14452;Hash;8;Inner;;32.854;32.855;120.76520758712951;120.76570758712951;pattern
Q8_14_seed_106652403;14450;Hash Join;7;Outer;;33.171;206.493;60.62073364941592;271.85650906338503;pattern
Q8_14_seed_106652403;14460;Index Scan;7;Inner;;0.039;0.041;0.037741115854347924;0.04062558144810407;operator
Q8_14_seed_106652403;14462;Seq Scan;7;Outer;;0.272;35.397;0.38792456192882446;39.337595275221275;operator
Q8_14_seed_106652403;14449;Nested Loop;6;Outer;;33.404;1151.937;38.79443093658544;1118.21069362758;operator
Q8_14_seed_106652403;14461;Hash;6;Inner;;35.506;35.506;17.3927010521258;17.392981968077578;operator
Q8_14_seed_106652403;14448;Hash Join;5;Outer;;71.321;1192.216;85.78179914436353;1204.7946018306534;pattern
Q8_14_seed_106652403;14463;Index Scan;5;Inner;;0.006;0.006;0.005962461696943181;0.006192428531057802;operator
Q8_14_seed_106652403;14465;Seq Scan;5;Outer;;0.01;0.011;0.05182032088445343;3.318337216688235;operator
Q8_14_seed_106652403;14447;Nested Loop;4;Outer;;71.476;1195.948;54.24005282651825;1150.0914653731836;operator
Q8_14_seed_106652403;14464;Hash;4;Inner;;0.014;0.014;10.402055745812149;10.402324494838766;operator
Q8_14_seed_106652403;14446;Hash Join;3;Outer;;71.551;1196.257;82.56855492102156;1207.867861045782;pattern
Q8_14_seed_106652403;14445;Sort;2;Outer;;1196.498;1196.511;1252.7873500757537;1252.8083500757537;pattern
Q8_14_seed_106652403;14444;Gather Merge;1;Outer;;1201.121;1202.695;1133.5449935271354;1136.3422381992618;operator
Q8_14_seed_106652403;14443;Aggregate;0;;;1201.423;1203.088;1199.4146359841523;1207.592777488054;pattern
Q8_150_seed_1231235959;14482;Seq Scan;13;Outer;;0.121;0.121;0.05186146210476378;13.079574437254479;operator
Q8_150_seed_1231235959;14480;Seq Scan;12;Outer;;0.02;0.021;0.05182032088445343;6.220199590371749;operator
Q8_150_seed_1231235959;14481;Hash;12;Inner;;0.124;0.124;11.10386993685431;11.104138686953476;operator
Q8_150_seed_1231235959;14479;Hash Join;11;Outer;;0.154;0.156;0.8048912293360928;34.7439682841341;pattern
Q8_150_seed_1231235959;14477;Seq Scan;10;Outer;;0.356;30.967;0.2058318816781986;32.2636879803311;operator
Q8_150_seed_1231235959;14478;Hash;10;Inner;;0.159;0.159;43.47805011642102;43.478550116421005;pattern
Q8_150_seed_1231235959;14476;Hash Join;9;Outer;;0.529;32.435;8.463390157812832;58.341505634504244;pattern
Q8_150_seed_1231235959;14474;Seq Scan;8;Outer;;0.26;159.662;0.23042557078268977;160.37703095581688;operator
Q8_150_seed_1231235959;14475;Hash;8;Inner;;33.097;33.098;120.76520758712951;120.76570758712951;pattern
Q8_150_seed_1231235959;14473;Hash Join;7;Outer;;33.433;210.452;60.62073364941592;271.85650906338503;pattern
Q8_150_seed_1231235959;14483;Index Scan;7;Inner;;0.039;0.041;0.037741115854347924;0.04062558144810407;operator
Q8_150_seed_1231235959;14485;Seq Scan;7;Outer;;0.078;37.411;0.3879342849811317;39.34045474557371;operator
Q8_150_seed_1231235959;14472;Nested Loop;6;Outer;;33.658;1157.977;38.79443093658544;1118.21069362758;operator
Q8_150_seed_1231235959;14484;Hash;6;Inner;;37.537;37.537;17.391473384469435;17.391754243564293;operator
Q8_150_seed_1231235959;14471;Hash Join;5;Outer;;74.268;1200.036;85.78247506745443;1204.794007849362;pattern
Q8_150_seed_1231235959;14486;Index Scan;5;Inner;;0.006;0.006;0.005962461696943181;0.006192428531057802;operator
Q8_150_seed_1231235959;14488;Seq Scan;5;Outer;;0.009;0.01;0.05182032088445343;3.318337216688235;operator
Q8_150_seed_1231235959;14470;Nested Loop;4;Outer;;74.51;1203.913;54.23942348274832;1150.090477618262;operator
Q8_150_seed_1231235959;14487;Hash;4;Inner;;0.014;0.014;10.402055745812149;10.402324494838766;operator
Q8_150_seed_1231235959;14469;Hash Join;3;Outer;;74.594;1204.226;82.56847261638228;1207.867600732113;pattern
Q8_150_seed_1231235959;14468;Sort;2;Outer;;1204.466;1204.48;1252.787255784487;1252.8082557844868;pattern
Q8_150_seed_1231235959;14467;Gather Merge;1;Outer;;1206.922;1209.244;1133.5572407760662;1136.3541016482643;operator
Q8_150_seed_1231235959;14466;Aggregate;0;;;1207.263;1209.686;1200.8809530777557;1208.9689291235788;pattern
Q8_25_seed_196896744;14758;Seq Scan;13;Outer;;0.059;0.06;0.05186146210476378;13.079574437254479;operator
Q8_25_seed_196896744;14756;Seq Scan;12;Outer;;0.009;0.01;0.05182032088445343;6.220199590371749;operator
Q8_25_seed_196896744;14757;Hash;12;Inner;;0.063;0.063;11.10386993685431;11.104138686953476;operator
Q8_25_seed_196896744;14755;Hash Join;11;Outer;;0.076;0.078;0.8048912293360928;34.7439682841341;pattern
Q8_25_seed_196896744;14753;Seq Scan;10;Outer;;0.217;33.203;0.2058318816781986;32.2636879803311;operator
Q8_25_seed_196896744;14754;Hash;10;Inner;;0.08;0.08;43.47805011642102;43.478550116421005;pattern
Q8_25_seed_196896744;14752;Hash Join;9;Outer;;0.302;34.573;8.463390157812832;58.341505634504244;pattern
Q8_25_seed_196896744;14750;Seq Scan;8;Outer;;0.17;159.126;0.23042557078268977;160.37703095581688;operator
Q8_25_seed_196896744;14751;Hash;8;Inner;;35.094;35.095;120.76520758712951;120.76570758712951;pattern
Q8_25_seed_196896744;14749;Hash Join;7;Outer;;36.014;213.106;60.62073364941592;271.85650906338503;pattern
Q8_25_seed_196896744;14759;Index Scan;7;Inner;;0.041;0.042;0.037741115854347924;0.04062558144810407;operator
Q8_25_seed_196896744;14761;Seq Scan;7;Outer;;0.32;36.875;0.38797706580905184;39.35304103506152;operator
Q8_25_seed_196896744;14748;Nested Loop;6;Outer;;36.176;1178.971;38.79443093658544;1118.21069362758;operator
Q8_25_seed_196896744;14760;Hash;6;Inner;;37.001;37.001;17.38607308702943;17.38635369606216;operator
Q8_25_seed_196896744;14747;Hash Join;5;Outer;;81.681;1222.832;85.78540902753332;1204.7913832451295;pattern
Q8_25_seed_196896744;14762;Index Scan;5;Inner;;0.006;0.006;0.005962461696943181;0.006192428531057802;operator
Q8_25_seed_196896744;14764;Seq Scan;5;Outer;;0.01;0.011;0.05182032088445343;3.318337216688235;operator
Q8_25_seed_196896744;14746;Nested Loop;4;Outer;;81.953;1226.712;54.236730585515204;1150.0862507625382;operator
Q8_25_seed_196896744;14763;Hash;4;Inner;;0.016;0.016;10.402055745812149;10.402324494838766;operator
Q8_25_seed_196896744;14745;Hash Join;3;Outer;;82.04;1227.029;82.56809433782252;1207.8664778667194;pattern
Q8_25_seed_196896744;14744;Sort;2;Outer;;1227.274;1227.287;1252.7868263772682;1252.8078263772682;pattern
Q8_25_seed_196896744;14743;Gather Merge;1;Outer;;1231.382;1232.23;1133.5529399750387;1136.3498476649015;operator
Q8_25_seed_196896744;14742;Aggregate;0;;;1231.745;1232.7;1201.9451641980954;1209.9623121527434;pattern
Q8_39_seed_311753178;15103;Seq Scan;13;Outer;;0.161;0.161;0.05186146210476378;13.079574437254479;operator
Q8_39_seed_311753178;15101;Seq Scan;12;Outer;;0.009;0.01;0.05182032088445343;6.220199590371749;operator
Q8_39_seed_311753178;15102;Hash;12;Inner;;0.164;0.165;11.10386993685431;11.104138686953476;operator
Q8_39_seed_311753178;15100;Hash Join;11;Outer;;0.179;0.181;0.8048912293360928;34.7439682841341;pattern
Q8_39_seed_311753178;15098;Seq Scan;10;Outer;;0.116;38.171;0.2058318816781986;32.2636879803311;operator
Q8_39_seed_311753178;15099;Hash;10;Inner;;0.183;0.184;43.47805011642102;43.478550116421005;pattern
Q8_39_seed_311753178;15097;Hash Join;9;Outer;;0.306;39.663;8.463390157812832;58.341505634504244;pattern
Q8_39_seed_311753178;15095;Seq Scan;8;Outer;;0.256;160.976;0.23042557078268977;160.37703095581688;operator
Q8_39_seed_311753178;15096;Hash;8;Inner;;40.281;40.282;120.76520758712951;120.76570758712951;pattern
Q8_39_seed_311753178;15094;Hash Join;7;Outer;;40.58;218.877;60.62073364941592;271.85650906338503;pattern
Q8_39_seed_311753178;15104;Index Scan;7;Inner;;0.04;0.042;0.037741115854347924;0.04062558144810407;operator
Q8_39_seed_311753178;15106;Seq Scan;7;Outer;;0.419;39.633;0.38792845115736446;39.338739016689715;operator
Q8_39_seed_311753178;15093;Nested Loop;6;Outer;;40.834;1176.858;38.79443093658544;1118.21069362758;operator
Q8_39_seed_311753178;15105;Hash;6;Inner;;39.772;39.772;17.39220997051943;17.392490863727303;operator
Q8_39_seed_311753178;15092;Hash Join;5;Outer;;85.42;1221.07;85.78207915873017;1204.7943623717833;pattern
Q8_39_seed_311753178;15107;Index Scan;5;Inner;;0.006;0.006;0.005962461696943181;0.006192428531057802;operator
Q8_39_seed_311753178;15109;Seq Scan;5;Outer;;0.008;0.009;0.05182032088445343;3.318337216688235;operator
Q8_39_seed_311753178;15091;Nested Loop;4;Outer;;85.554;1224.72;54.23978370759525;1150.0910426704313;operator
Q8_39_seed_311753178;15108;Hash;4;Inner;;0.013;0.013;10.402055745812149;10.402324494838766;operator
Q8_39_seed_311753178;15090;Hash Join;3;Outer;;85.623;1225.019;82.56851302488582;1207.8677515320383;pattern
Q8_39_seed_311753178;15089;Sort;2;Outer;;1225.238;1225.252;1252.7873033166252;1252.8083033166251;pattern
Q8_39_seed_311753178;15088;Gather Merge;1;Outer;;1227.79;1230.101;1133.5312375013627;1136.3288838673448;operator
Q8_39_seed_311753178;15087;Aggregate;0;;;1228.091;1230.504;1200.0150975104552;1208.1571311825985;pattern
Q8_3_seed_16408062;15126;Seq Scan;13;Outer;;0.133;0.134;0.05186146210476378;13.079574437254479;operator
Q8_3_seed_16408062;15124;Seq Scan;12;Outer;;0.009;0.01;0.05182032088445343;6.220199590371749;operator
Q8_3_seed_16408062;15125;Hash;12;Inner;;0.138;0.138;11.10386993685431;11.104138686953476;operator
Q8_3_seed_16408062;15123;Hash Join;11;Outer;;0.152;0.154;0.8048912293360928;34.7439682841341;pattern
Q8_3_seed_16408062;15121;Seq Scan;10;Outer;;0.174;41.464;0.2058318816781986;32.2636879803311;operator
Q8_3_seed_16408062;15122;Hash;10;Inner;;0.156;0.157;43.47805011642102;43.478550116421005;pattern
Q8_3_seed_16408062;15120;Hash Join;9;Outer;;0.34;43.075;8.463390157812832;58.341505634504244;pattern
Q8_3_seed_16408062;15118;Seq Scan;8;Outer;;0.294;158.082;0.23042557078268977;160.37703095581688;operator
Q8_3_seed_16408062;15119;Hash;8;Inner;;43.806;43.807;120.76520758712951;120.76570758712951;pattern
Q8_3_seed_16408062;15117;Hash Join;7;Outer;;44.151;219.51;60.62073364941592;271.85650906338503;pattern
Q8_3_seed_16408062;15127;Index Scan;7;Inner;;0.04;0.042;0.037741115854347924;0.04062558144810407;operator
Q8_3_seed_16408062;15129;Seq Scan;7;Outer;;0.123;37.753;0.3879381741884774;39.34159864260073;operator
Q8_3_seed_16408062;15116;Nested Loop;6;Outer;;44.405;1181.093;38.79443093658544;1118.21069362758;operator
Q8_3_seed_16408062;15128;Hash;6;Inner;;37.83;37.831;17.390982351342785;17.391263187697433;operator
Q8_3_seed_16408062;15115;Hash Join;5;Outer;;86.944;1223.353;85.78273044353593;1204.7937681903736;pattern
Q8_3_seed_16408062;15130;Index Scan;5;Inner;;0.006;0.006;0.005962461696943181;0.006192428531057802;operator
Q8_3_seed_16408062;15132;Seq Scan;5;Outer;;0.012;0.012;0.05182032088445343;3.318337216688235;operator
Q8_3_seed_16408062;15114;Nested Loop;4;Outer;;87.132;1227.02;54.239240799414546;1150.0901923141787;operator
Q8_3_seed_16408062;15131;Hash;4;Inner;;0.016;0.017;10.402055745812149;10.402324494838766;operator
Q8_3_seed_16408062;15113;Hash Join;3;Outer;;87.249;1227.375;82.56843856529812;1207.8675110734964;pattern
Q8_3_seed_16408062;15112;Sort;2;Outer;;1227.615;1227.628;1252.787217745944;1252.808217745944;pattern
Q8_3_seed_16408062;15111;Gather Merge;1;Outer;;1233.899;1236.677;1133.548033314926;1136.345163026821;operator
Q8_3_seed_16408062;15110;Aggregate;0;;;1234.198;1237.064;1201.2799347106554;1209.3421789846961;pattern
Q8_47_seed_377385426;15310;Seq Scan;13;Outer;;0.222;0.223;0.05186146210476378;13.079574437254479;operator
Q8_47_seed_377385426;15308;Seq Scan;12;Outer;;0.01;0.011;0.05182032088445343;6.220199590371749;operator
Q8_47_seed_377385426;15309;Hash;12;Inner;;0.228;0.228;11.10386993685431;11.104138686953476;operator
Q8_47_seed_377385426;15307;Hash Join;11;Outer;;0.245;0.247;0.8048912293360928;34.7439682841341;pattern
Q8_47_seed_377385426;15305;Seq Scan;10;Outer;;0.225;29.834;0.2058318816781986;32.2636879803311;operator
Q8_47_seed_377385426;15306;Hash;10;Inner;;0.249;0.251;43.47805011642102;43.478550116421005;pattern
Q8_47_seed_377385426;15304;Hash Join;9;Outer;;0.482;31.441;8.463390157812832;58.341505634504244;pattern
Q8_47_seed_377385426;15302;Seq Scan;8;Outer;;0.248;158.362;0.23042557078268977;160.37703095581688;operator
Q8_47_seed_377385426;15303;Hash;8;Inner;;32.03;32.032;120.76520758712951;120.76570758712951;pattern
Q8_47_seed_377385426;15301;Hash Join;7;Outer;;32.323;208.176;60.62073364941592;271.85650906338503;pattern
Q8_47_seed_377385426;15311;Index Scan;7;Inner;;0.04;0.042;0.037741115854347924;0.04062558144810407;operator
Q8_47_seed_377385426;15313;Seq Scan;7;Outer;;0.474;33.768;0.3879478971706863;39.34445865740258;operator
Q8_47_seed_377385426;15300;Nested Loop;6;Outer;;32.593;1170.592;38.79443093658544;1118.21069362758;operator
Q8_47_seed_377385426;15312;Hash;6;Inner;;33.836;33.836;17.389754853377937;17.390035632888342;operator
Q8_47_seed_377385426;15299;Hash Join;5;Outer;;72.645;1208.811;85.78340635156555;1204.7931735080983;pattern
Q8_47_seed_377385426;15314;Index Scan;5;Inner;;0.007;0.007;0.005962461696943181;0.006192428531057802;operator
Q8_47_seed_377385426;15316;Seq Scan;5;Outer;;0.009;0.01;0.05182032088445343;3.318337216688235;operator
Q8_47_seed_377385426;15298;Nested Loop;4;Outer;;72.866;1212.872;54.23861232899992;1150.089205692171;operator
Q8_47_seed_377385426;15315;Hash;4;Inner;;0.013;0.013;10.402055745812149;10.402324494838766;operator
Q8_47_seed_377385426;15297;Hash Join;3;Outer;;72.945;1213.178;82.56835663698644;1207.8672514420136;pattern
Q8_47_seed_377385426;15296;Sort;2;Outer;;1213.407;1213.42;1252.7871238585221;1252.808123858522;pattern
Q8_47_seed_377385426;15295;Gather Merge;1;Outer;;1216.011;1218.282;1133.5604657794613;1136.3572061931309;operator
Q8_47_seed_377385426;15294;Aggregate;0;;;1216.289;1218.654;1201.9440727060914;1209.9621655889578;pattern
Q8_48_seed_385589457;15333;Seq Scan;13;Outer;;0.11;0.11;0.05186146210476378;13.079574437254479;operator
Q8_48_seed_385589457;15331;Seq Scan;12;Outer;;0.01;0.01;0.05182032088445343;6.220199590371749;operator
Q8_48_seed_385589457;15332;Hash;12;Inner;;0.113;0.113;11.10386993685431;11.104138686953476;operator
Q8_48_seed_385589457;15330;Hash Join;11;Outer;;0.127;0.129;0.8048912293360928;34.7439682841341;pattern
Q8_48_seed_385589457;15328;Seq Scan;10;Outer;;0.097;36.542;0.2058318816781986;32.2636879803311;operator
Q8_48_seed_385589457;15329;Hash;10;Inner;;0.132;0.133;43.47805011642102;43.478550116421005;pattern
Q8_48_seed_385589457;15327;Hash Join;9;Outer;;0.237;38.022;8.463390157812832;58.341505634504244;pattern
Q8_48_seed_385589457;15325;Seq Scan;8;Outer;;0.203;160.817;0.23042557078268977;160.37703095581688;operator
Q8_48_seed_385589457;15326;Hash;8;Inner;;38.601;38.602;120.76520758712951;120.76570758712951;pattern
Q8_48_seed_385589457;15324;Hash Join;7;Outer;;39.833;218.705;60.62073364941592;271.85650906338503;pattern
Q8_48_seed_385589457;15334;Index Scan;7;Inner;;0.039;0.041;0.037741115854347924;0.04062558144810407;operator
Q8_48_seed_385589457;15336;Seq Scan;7;Outer;;0.205;39.181;0.3879420633867745;39.342742601852166;operator
Q8_48_seed_385589457;15323;Nested Loop;6;Outer;;40.175;1184.68;38.79443093658544;1118.21069362758;operator
Q8_48_seed_385589457;15335;Hash;6;Inner;;39.306;39.306;17.39049133760865;17.390772151224425;operator
Q8_48_seed_385589457;15322;Hash Join;5;Outer;;82.248;1228.795;85.78301080139238;1204.7935316617034;pattern
Q8_48_seed_385589457;15337;Index Scan;5;Inner;;0.006;0.006;0.005962461696943181;0.006192428531057802;operator
Q8_48_seed_385589457;15339;Seq Scan;5;Outer;;0.012;0.013;0.05182032088445343;3.318337216688235;operator
Q8_48_seed_385589457;15321;Nested Loop;4;Outer;;82.405;1232.646;54.23897222626735;1150.0897702723507;operator
Q8_48_seed_385589457;15338;Hash;4;Inner;;0.018;0.018;10.402055745812149;10.402324494838766;operator
Q8_48_seed_385589457;15320;Hash Join;3;Outer;;82.518;1232.991;82.56841014463367;1207.867402107096;pattern
Q8_48_seed_385589457;15319;Sort;2;Outer;;1233.248;1233.261;1252.7871841585936;1252.8081841585936;pattern
Q8_48_seed_385589457;15318;Gather Merge;1;Outer;;1235.733;1237.876;1133.623724763766;1136.4185923847024;operator
Q8_48_seed_385589457;15317;Aggregate;0;;;1236.018;1238.264;1201.9438645642376;1209.9621377709173;pattern
Q8_57_seed_459425736;15563;Seq Scan;13;Outer;;0.156;0.156;0.05186146210476378;13.079574437254479;operator
Q8_57_seed_459425736;15561;Seq Scan;12;Outer;;0.01;0.01;0.05182032088445343;6.220199590371749;operator
Q8_57_seed_459425736;15562;Hash;12;Inner;;0.159;0.159;11.10386993685431;11.104138686953476;operator
Q8_57_seed_459425736;15560;Hash Join;11;Outer;;0.175;0.177;0.8048912293360928;34.7439682841341;pattern
Q8_57_seed_459425736;15558;Seq Scan;10;Outer;;0.167;34.814;0.2058318816781986;32.2636879803311;operator
Q8_57_seed_459425736;15559;Hash;10;Inner;;0.183;0.184;43.47805011642102;43.478550116421005;pattern
Q8_57_seed_459425736;15557;Hash Join;9;Outer;;0.36;36.253;8.463390157812832;58.341505634504244;pattern
Q8_57_seed_459425736;15555;Seq Scan;8;Outer;;0.068;160.248;0.23042557078268977;160.37703095581688;operator
Q8_57_seed_459425736;15556;Hash;8;Inner;;37.125;37.126;120.76520758712951;120.76570758712951;pattern
Q8_57_seed_459425736;15554;Hash Join;7;Outer;;38.559;216.136;60.62073364941592;271.85650906338503;pattern
Q8_57_seed_459425736;15564;Index Scan;7;Inner;;0.039;0.041;0.037741115854347924;0.04062558144810407;operator
Q8_57_seed_459425736;15566;Seq Scan;7;Outer;;0.09;41.044;0.387922617313575;39.33702342782354;operator
Q8_57_seed_459425736;15553;Nested Loop;6;Outer;;39.704;1157.005;38.79443093658544;1118.21069362758;operator
Q8_57_seed_459425736;15565;Hash;6;Inner;;41.159;41.159;17.39294660019958;17.393227527523877;operator
Q8_57_seed_459425736;15552;Hash Join;5;Outer;;83.169;1202.568;85.78165896160226;1204.794719924648;pattern
Q8_57_seed_459425736;15567;Index Scan;5;Inner;;0.006;0.006;0.005962461696943181;0.006192428531057802;operator
Q8_57_seed_459425736;15569;Seq Scan;5;Outer;;0.011;0.012;0.05182032088445343;3.318337216688235;operator
Q8_57_seed_459425736;15551;Nested Loop;4;Outer;;83.318;1206.222;54.24023062615923;1150.0917454082146;operator
Q8_57_seed_459425736;15568;Hash;4;Inner;;0.015;0.015;10.402055745812149;10.402324494838766;operator
Q8_57_seed_459425736;15550;Hash Join;3;Outer;;83.398;1206.535;82.56857433316337;1207.8679219654734;pattern
Q8_57_seed_459425736;15549;Sort;2;Outer;;1206.77;1206.782;1252.7873722893335;1252.8083722893334;pattern
Q8_57_seed_459425736;15548;Gather Merge;1;Outer;;1210.572;1210.935;1133.59810696944;1136.3937751680978;operator
Q8_57_seed_459425736;15547;Aggregate;0;;;1210.873;1211.33;1199.0807120328498;1207.278464474761;pattern
Q8_5_seed_32816124;15632;Seq Scan;13;Outer;;0.208;0.208;0.05186146210476378;13.079574437254479;operator
Q8_5_seed_32816124;15630;Seq Scan;12;Outer;;0.01;0.01;0.05182032088445343;6.220199590371749;operator
Q8_5_seed_32816124;15631;Hash;12;Inner;;0.212;0.212;11.10386993685431;11.104138686953476;operator
Q8_5_seed_32816124;15629;Hash Join;11;Outer;;0.228;0.23;0.8048912293360928;34.7439682841341;pattern
Q8_5_seed_32816124;15627;Seq Scan;10;Outer;;0.019;36.116;0.2058318816781986;32.2636879803311;operator
Q8_5_seed_32816124;15628;Hash;10;Inner;;0.233;0.233;43.47805011642102;43.478550116421005;pattern
Q8_5_seed_32816124;15626;Hash Join;9;Outer;;0.261;37.706;8.463390157812832;58.341505634504244;pattern
Q8_5_seed_32816124;15624;Seq Scan;8;Outer;;0.197;159.454;0.23042557078268977;160.37703095581688;operator
Q8_5_seed_32816124;15625;Hash;8;Inner;;38.379;38.38;120.76520758712951;120.76570758712951;pattern
Q8_5_seed_32816124;15623;Hash Join;7;Outer;;39.263;216.569;60.62073364941592;271.85650906338503;pattern
Q8_5_seed_32816124;15633;Index Scan;7;Inner;;0.04;0.042;0.037741115854347924;0.04062558144810407;operator
Q8_5_seed_32816124;15635;Seq Scan;7;Outer;;0.355;38.628;0.3879148388304935;39.33473619377685;operator
Q8_5_seed_32816124;15622;Nested Loop;6;Outer;;39.592;1183.599;38.79443093658544;1118.21069362758;operator
Q8_5_seed_32816124;15634;Hash;6;Inner;;38.676;38.676;17.393928840961195;17.39420981377893;operator
Q8_5_seed_32816124;15621;Hash Join;5;Outer;;83.379;1226.741;85.78112321040179;1204.7951953113165;pattern
Q8_5_seed_32816124;15636;Index Scan;5;Inner;;0.006;0.006;0.005962461696943181;0.006192428531057802;operator
Q8_5_seed_32816124;15638;Seq Scan;5;Outer;;0.012;0.013;0.05182032088445343;3.318337216688235;operator
Q8_5_seed_32816124;15620;Nested Loop;4;Outer;;83.64;1230.406;54.240769491393834;1150.0925915380046;operator
Q8_5_seed_32816124;15637;Hash;4;Inner;;0.017;0.017;10.402055745812149;10.402324494838766;operator
Q8_5_seed_32816124;15619;Hash Join;3;Outer;;83.711;1230.716;82.56864716339246;1207.868133377802;pattern
Q8_5_seed_32816124;15618;Sort;2;Outer;;1230.951;1230.964;1252.7874547064566;1252.8084547064566;pattern
Q8_5_seed_32816124;15617;Gather Merge;1;Outer;;1238.02;1238.938;1133.581179420084;1136.3773679389326;operator
Q8_5_seed_32816124;15616;Aggregate;0;;;1238.334;1239.359;1197.8101474740006;1206.079376416017;pattern
Q8_62_seed_500445891;15701;Seq Scan;13;Outer;;0.203;0.204;0.05186146210476378;13.079574437254479;operator
Q8_62_seed_500445891;15699;Seq Scan;12;Outer;;0.009;0.01;0.05182032088445343;6.220199590371749;operator
Q8_62_seed_500445891;15700;Hash;12;Inner;;0.207;0.207;11.10386993685431;11.104138686953476;operator
Q8_62_seed_500445891;15698;Hash Join;11;Outer;;0.222;0.224;0.8048912293360928;34.7439682841341;pattern
Q8_62_seed_500445891;15696;Seq Scan;10;Outer;;0.019;38.149;0.2058318816781986;32.2636879803311;operator
Q8_62_seed_500445891;15697;Hash;10;Inner;;0.226;0.227;43.47805011642102;43.478550116421005;pattern
Q8_62_seed_500445891;15695;Hash Join;9;Outer;;0.255;39.723;8.463390157812832;58.341505634504244;pattern
Q8_62_seed_500445891;15693;Seq Scan;8;Outer;;0.316;164.407;0.23042557078268977;160.37703095581688;operator
Q8_62_seed_500445891;15694;Hash;8;Inner;;40.436;40.437;120.76520758712951;120.76570758712951;pattern
Q8_62_seed_500445891;15692;Hash Join;7;Outer;;40.805;223.248;60.62073364941592;271.85650906338503;pattern
Q8_62_seed_500445891;15702;Index Scan;7;Inner;;0.04;0.043;0.037741115854347924;0.04062558144810407;operator
Q8_62_seed_500445891;15704;Seq Scan;7;Outer;;0.621;38.192;0.38797123211887335;39.35132427955682;operator
Q8_62_seed_500445891;15691;Nested Loop;6;Outer;;41.03;1200.897;38.79443093658544;1118.21069362758;operator
Q8_62_seed_500445891;15703;Hash;6;Inner;;38.258;38.258;17.386809352973614;17.387089996095312;operator
Q8_62_seed_500445891;15690;Hash Join;5;Outer;;86.261;1243.673;85.78501349655212;1204.7917423004315;pattern
Q8_62_seed_500445891;15705;Index Scan;5;Inner;;0.006;0.006;0.005962461696943181;0.006192428531057802;operator
Q8_62_seed_500445891;15707;Seq Scan;5;Outer;;0.009;0.01;0.05182032088445343;3.318337216688235;operator
Q8_62_seed_500445891;15689;Nested Loop;4;Outer;;86.375;1247.421;54.23708931659482;1150.0868138302747;operator
Q8_62_seed_500445891;15706;Hash;4;Inner;;0.013;0.013;10.402055745812149;10.402324494838766;operator
Q8_62_seed_500445891;15688;Hash Join;3;Outer;;86.452;1247.744;82.56814793549248;1207.8666287031715;pattern
Q8_62_seed_500445891;15687;Sort;2;Outer;;1247.984;1247.997;1252.7868867742518;1252.8078867742518;pattern
Q8_62_seed_500445891;15686;Gather Merge;1;Outer;;1252.593;1253.128;1133.6179777885172;1136.4129596225118;operator
Q8_62_seed_500445891;15685;Aggregate;0;;;1252.891;1253.534;1201.944956058938;1209.9622843356506;pattern
Q8_63_seed_508649922;15724;Seq Scan;13;Outer;;0.152;0.152;0.05186146210476378;13.079574437254479;operator
Q8_63_seed_508649922;15722;Seq Scan;12;Outer;;0.046;0.046;0.05182032088445343;6.220199590371749;operator
Q8_63_seed_508649922;15723;Hash;12;Inner;;0.155;0.156;11.10386993685431;11.104138686953476;operator
Q8_63_seed_508649922;15721;Hash Join;11;Outer;;0.21;0.211;0.8048912293360928;34.7439682841341;pattern
Q8_63_seed_508649922;15719;Seq Scan;10;Outer;;0.377;33.751;0.2058318816781986;32.2636879803311;operator
Q8_63_seed_508649922;15720;Hash;10;Inner;;0.213;0.214;43.47805011642102;43.478550116421005;pattern
Q8_63_seed_508649922;15718;Hash Join;9;Outer;;0.6;35.324;8.463390157812832;58.341505634504244;pattern
Q8_63_seed_508649922;15716;Seq Scan;8;Outer;;0.192;158.246;0.23042557078268977;160.37703095581688;operator
Q8_63_seed_508649922;15717;Hash;8;Inner;;35.938;35.939;120.76520758712951;120.76570758712951;pattern
Q8_63_seed_508649922;15715;Hash Join;7;Outer;;37.297;213.315;60.62073364941592;271.85650906338503;pattern
Q8_63_seed_508649922;15725;Index Scan;7;Inner;;0.039;0.041;0.037741115854347924;0.04062558144810407;operator
Q8_63_seed_508649922;15727;Seq Scan;7;Outer;;0.407;40.626;0.3879381741884774;39.34159864260073;operator
Q8_63_seed_508649922;15714;Nested Loop;6;Outer;;38.773;1158.454;38.79443093658544;1118.21069362758;operator
Q8_63_seed_508649922;15726;Hash;6;Inner;;40.744;40.744;17.390982351342785;17.391263187697433;operator
Q8_63_seed_508649922;15713;Hash Join;5;Outer;;83.661;1205.366;85.78273044353593;1204.7937681903736;pattern
Q8_63_seed_508649922;15728;Index Scan;5;Inner;;0.006;0.006;0.005962461696943181;0.006192428531057802;operator
Q8_63_seed_508649922;15730;Seq Scan;5;Outer;;0.008;0.009;0.05182032088445343;3.318337216688235;operator
Q8_63_seed_508649922;15712;Nested Loop;4;Outer;;83.865;1209.034;54.239154405424586;1150.090055103937;operator
Q8_63_seed_508649922;15729;Hash;4;Inner;;0.012;0.013;10.402055745812149;10.402324494838766;operator
Q8_63_seed_508649922;15711;Hash Join;3;Outer;;83.962;1209.357;82.5684286667736;1207.8674989157505;pattern
Q8_63_seed_508649922;15710;Sort;2;Outer;;1209.577;1209.591;1252.787207437309;1252.808207437309;pattern
Q8_63_seed_508649922;15709;Gather Merge;1;Outer;;1213.074;1214.515;1133.5434127461863;1136.340677403618;operator
Q8_63_seed_508649922;15708;Aggregate;0;;;1213.351;1214.889;1201.4792569492515;1209.5284508693617;pattern
Q8_66_seed_533262015;15793;Seq Scan;13;Outer;;0.079;0.079;0.05186146210476378;13.079574437254479;operator
Q8_66_seed_533262015;15791;Seq Scan;12;Outer;;0.012;0.012;0.05182032088445343;6.220199590371749;operator
Q8_66_seed_533262015;15792;Hash;12;Inner;;0.082;0.082;11.10386993685431;11.104138686953476;operator
Q8_66_seed_533262015;15790;Hash Join;11;Outer;;0.1;0.102;0.8048912293360928;34.7439682841341;pattern
Q8_66_seed_533262015;15788;Seq Scan;10;Outer;;0.146;31.095;0.2058318816781986;32.2636879803311;operator
Q8_66_seed_533262015;15789;Hash;10;Inner;;0.104;0.104;43.47805011642102;43.478550116421005;pattern
Q8_66_seed_533262015;15787;Hash Join;9;Outer;;0.259;32.559;8.463390157812832;58.341505634504244;pattern
Q8_66_seed_533262015;15785;Seq Scan;8;Outer;;0.246;159.371;0.23042557078268977;160.37703095581688;operator
Q8_66_seed_533262015;15786;Hash;8;Inner;;34.678;34.679;120.76520758712951;120.76570758712951;pattern
Q8_66_seed_533262015;15784;Hash Join;7;Outer;;34.996;212.533;60.62073364941592;271.85650906338503;pattern
Q8_66_seed_533262015;15794;Index Scan;7;Inner;;0.04;0.042;0.037741115854347924;0.04062558144810407;operator
Q8_66_seed_533262015;15796;Seq Scan;7;Outer;;0.454;37.538;0.3879090049451065;39.33302093158409;operator
Q8_66_seed_533262015;15783;Nested Loop;6;Outer;;35.221;1170.428;38.79443093658544;1118.21069362758;operator
Q8_66_seed_533262015;15795;Hash;6;Inner;;37.649;37.65;17.394665572414794;17.394946579356684;operator
Q8_66_seed_533262015;15782;Hash Join;5;Outer;;76.392;1213.177;85.78072763874567;1204.795552444018;pattern
Q8_66_seed_533262015;15797;Index Scan;5;Inner;;0.006;0.006;0.005962461696943181;0.006192428531057802;operator
Q8_66_seed_533262015;15799;Seq Scan;5;Outer;;0.011;0.012;0.05182032088445343;3.318337216688235;operator
Q8_66_seed_533262015;15781;Nested Loop;4;Outer;;76.581;1217.273;54.24121743369945;1150.093295466382;operator
Q8_66_seed_533262015;15798;Hash;4;Inner;;0.015;0.016;10.402055745812149;10.402324494838766;operator
Q8_66_seed_533262015;15780;Hash Join;3;Outer;;76.654;1217.587;82.56871044574183;1207.8682959557755;pattern
Q8_66_seed_533262015;15779;Sort;2;Outer;;1217.816;1217.829;1252.787525181364;1252.8085251813638;pattern
Q8_66_seed_533262015;15778;Gather Merge;1;Outer;;1220.298;1223.115;1133.6468358928837;1136.441083322705;operator
Q8_66_seed_533262015;15777;Aggregate;0;;;1220.657;1223.558;1196.8725033929766;1205.1914680079376;pattern
Q8_6_seed_41020155;15885;Seq Scan;13;Outer;;0.138;0.139;0.05186146210476378;13.079574437254479;operator
Q8_6_seed_41020155;15883;Seq Scan;12;Outer;;0.009;0.01;0.05182032088445343;6.220199590371749;operator
Q8_6_seed_41020155;15884;Hash;12;Inner;;0.143;0.144;11.10386993685431;11.104138686953476;operator
Q8_6_seed_41020155;15882;Hash Join;11;Outer;;0.16;0.161;0.8048912293360928;34.7439682841341;pattern
Q8_6_seed_41020155;15880;Seq Scan;10;Outer;;0.18;34.001;0.2058318816781986;32.2636879803311;operator
Q8_6_seed_41020155;15881;Hash;10;Inner;;0.164;0.164;43.47805011642102;43.478550116421005;pattern
Q8_6_seed_41020155;15879;Hash Join;9;Outer;;0.351;35.494;8.463390157812832;58.341505634504244;pattern
Q8_6_seed_41020155;15877;Seq Scan;8;Outer;;0.21;159.465;0.23042557078268977;160.37703095581688;operator
Q8_6_seed_41020155;15878;Hash;8;Inner;;36.209;36.21;120.76520758712951;120.76570758712951;pattern
Q8_6_seed_41020155;15876;Hash Join;7;Outer;;37.645;214.492;60.62073364941592;271.85650906338503;pattern
Q8_6_seed_41020155;15886;Index Scan;7;Inner;;0.04;0.042;0.037741115854347924;0.04062558144810407;operator
Q8_6_seed_41020155;15888;Seq Scan;7;Outer;;1.148;42.707;0.38797901036769816;39.35361331801826;operator
Q8_6_seed_41020155;15875;Nested Loop;6;Outer;;38.734;1175.64;38.79443093658544;1118.21069362758;operator
Q8_6_seed_41020155;15887;Hash;6;Inner;;42.817;42.817;17.385827674754935;17.38610827242546;operator
Q8_6_seed_41020155;15874;Hash Join;5;Outer;;86.329;1223.243;85.78554919757477;1204.7912645896652;pattern
Q8_6_seed_41020155;15889;Index Scan;5;Inner;;0.006;0.006;0.005962461696943181;0.006192428531057802;operator
Q8_6_seed_41020155;15891;Seq Scan;5;Outer;;0.009;0.01;0.05182032088445343;3.318337216688235;operator
Q8_6_seed_41020155;15873;Nested Loop;4;Outer;;86.478;1226.76;54.23655388308916;1150.0859721470215;operator
Q8_6_seed_41020155;15890;Hash;4;Inner;;0.013;0.013;10.402055745812149;10.402324494838766;operator
Q8_6_seed_41020155;15872;Hash Join;3;Outer;;86.546;1227.053;82.56807495332637;1207.8664167814106;pattern
Q8_6_seed_41020155;15871;Sort;2;Outer;;1227.262;1227.274;1252.7868041818044;1252.8078041818044;pattern
Q8_6_seed_41020155;15870;Gather Merge;1;Outer;;1229.49;1231.71;1133.6361872671641;1136.4306108502408;operator
Q8_6_seed_41020155;15869;Aggregate;0;;;1229.748;1232.067;1201.9452677764245;1209.9623262800644;pattern
Q8_73_seed_590690232;15977;Seq Scan;13;Outer;;0.142;0.142;0.05186146210476378;13.079574437254479;operator
Q8_73_seed_590690232;15975;Seq Scan;12;Outer;;0.008;0.009;0.05182032088445343;6.220199590371749;operator
Q8_73_seed_590690232;15976;Hash;12;Inner;;0.145;0.145;11.10386993685431;11.104138686953476;operator
Q8_73_seed_590690232;15974;Hash Join;11;Outer;;0.158;0.16;0.8048912293360928;34.7439682841341;pattern
Q8_73_seed_590690232;15972;Seq Scan;10;Outer;;0.072;33.633;0.2058318816781986;32.2636879803311;operator
Q8_73_seed_590690232;15973;Hash;10;Inner;;0.163;0.164;43.47805011642102;43.478550116421005;pattern
Q8_73_seed_590690232;15971;Hash Join;9;Outer;;0.24;35.06;8.463390157812832;58.341505634504244;pattern
Q8_73_seed_590690232;15969;Seq Scan;8;Outer;;0.25;162.57;0.23042557078268977;160.37703095581688;operator
Q8_73_seed_590690232;15970;Hash;8;Inner;;35.656;35.657;120.76520758712951;120.76570758712951;pattern
Q8_73_seed_590690232;15968;Hash Join;7;Outer;;36.086;215.809;60.62073364941592;271.85650906338503;pattern
Q8_73_seed_590690232;15978;Index Scan;7;Inner;;0.039;0.041;0.037741115854347924;0.04062558144810407;operator
Q8_73_seed_590690232;15980;Seq Scan;7;Outer;;0.056;40.884;0.387922617313575;39.33702342782354;operator
Q8_73_seed_590690232;15967;Nested Loop;6;Outer;;36.337;1157.477;38.79443093658544;1118.21069362758;operator
Q8_73_seed_590690232;15979;Hash;6;Inner;;40.994;40.994;17.39294660019958;17.393227527523877;operator
Q8_73_seed_590690232;15966;Hash Join;5;Outer;;82.21;1202.975;85.78165896160226;1204.794719924648;pattern
Q8_73_seed_590690232;15981;Index Scan;5;Inner;;0.006;0.006;0.005962461696943181;0.006192428531057802;operator
Q8_73_seed_590690232;15983;Seq Scan;5;Outer;;0.01;0.011;0.05182032088445343;3.318337216688235;operator
Q8_73_seed_590690232;15965;Nested Loop;4;Outer;;82.414;1206.684;54.24023062615923;1150.0917454082146;operator
Q8_73_seed_590690232;15982;Hash;4;Inner;;0.015;0.015;10.402055745812149;10.402324494838766;operator
Q8_73_seed_590690232;15964;Hash Join;3;Outer;;82.555;1207.052;82.56857433316337;1207.8679219654734;pattern
Q8_73_seed_590690232;15963;Sort;2;Outer;;1207.297;1207.31;1252.7873722893335;1252.8083722893334;pattern
Q8_73_seed_590690232;15962;Gather Merge;1;Outer;;1209.564;1212.157;1133.59810696944;1136.3937751680978;operator
Q8_73_seed_590690232;15961;Aggregate;0;;;1209.9;1212.577;1199.0807120328498;1207.278464474761;pattern
Q8_76_seed_615302325;16046;Seq Scan;13;Outer;;0.108;0.109;0.05186146210476378;13.079574437254479;operator
Q8_76_seed_615302325;16044;Seq Scan;12;Outer;;0.011;0.012;0.05182032088445343;6.220199590371749;operator
Q8_76_seed_615302325;16045;Hash;12;Inner;;0.112;0.112;11.10386993685431;11.104138686953476;operator
Q8_76_seed_615302325;16043;Hash Join;11;Outer;;0.131;0.132;0.8048912293360928;34.7439682841341;pattern
Q8_76_seed_615302325;16041;Seq Scan;10;Outer;;1.329;35.948;0.2058318816781986;32.2636879803311;operator
Q8_76_seed_615302325;16042;Hash;10;Inner;;0.135;0.136;43.47805011642102;43.478550116421005;pattern
Q8_76_seed_615302325;16040;Hash Join;9;Outer;;1.475;37.44;8.463390157812832;58.341505634504244;pattern
Q8_76_seed_615302325;16038;Seq Scan;8;Outer;;0.237;161.388;0.23042557078268977;160.37703095581688;operator
Q8_76_seed_615302325;16039;Hash;8;Inner;;39.026;39.027;120.76520758712951;120.76570758712951;pattern
Q8_76_seed_615302325;16037;Hash Join;7;Outer;;39.312;218.567;60.62073364941592;271.85650906338503;pattern
Q8_76_seed_615302325;16047;Index Scan;7;Inner;;0.04;0.042;0.037741115854347924;0.04062558144810407;operator
Q8_76_seed_615302325;16049;Seq Scan;7;Outer;;0.108;41.579;0.38795178634954014;39.34560277221391;operator
Q8_76_seed_615302325;16036;Nested Loop;6;Outer;;39.553;1189.77;38.79443093658544;1118.21069362758;operator
Q8_76_seed_615302325;16048;Hash;6;Inner;;41.676;41.676;17.38926388813816;17.3895446449135;operator
Q8_76_seed_615302325;16035;Hash Join;5;Outer;;84.426;1236.051;85.78368635515059;1204.7929335688966;pattern
Q8_76_seed_615302325;16050;Index Scan;5;Inner;;0.006;0.006;0.005962461696943181;0.006192428531057802;operator
Q8_76_seed_615302325;16052;Seq Scan;5;Outer;;0.013;0.013;0.05182032088445343;3.318337216688235;operator
Q8_76_seed_615302325;16034;Nested Loop;4;Outer;;84.628;1240.112;54.238343878272346;1150.0887838555332;operator
Q8_76_seed_615302325;16051;Hash;4;Inner;;0.018;0.018;10.402055745812149;10.402324494838766;operator
Q8_76_seed_615302325;16033;Hash Join;3;Outer;;84.704;1240.442;82.56831491134218;1207.867142234104;pattern
Q8_76_seed_615302325;16032;Sort;2;Outer;;1240.69;1240.703;1252.7870772822112;1252.8080772822111;pattern
Q8_76_seed_615302325;16031;Gather Merge;1;Outer;;1246.706;1247.136;1133.6369003862985;1136.4313568663144;operator
Q8_76_seed_615302325;16030;Aggregate;0;;;1247.026;1247.569;1201.9442277208127;1209.9621862466558;pattern
Q8_78_seed_631710387;16092;Seq Scan;13;Outer;;0.144;0.144;0.05186146210476378;13.079574437254479;operator
Q8_78_seed_631710387;16090;Seq Scan;12;Outer;;0.009;0.01;0.05182032088445343;6.220199590371749;operator
Q8_78_seed_631710387;16091;Hash;12;Inner;;0.146;0.146;11.10386993685431;11.104138686953476;operator
Q8_78_seed_631710387;16089;Hash Join;11;Outer;;0.16;0.162;0.8048912293360928;34.7439682841341;pattern
Q8_78_seed_631710387;16087;Seq Scan;10;Outer;;0.169;33.363;0.2058318816781986;32.2636879803311;operator
Q8_78_seed_631710387;16088;Hash;10;Inner;;0.166;0.167;43.47805011642102;43.478550116421005;pattern
Q8_78_seed_631710387;16086;Hash Join;9;Outer;;0.345;34.829;8.463390157812832;58.341505634504244;pattern
Q8_78_seed_631710387;16084;Seq Scan;8;Outer;;0.256;159.066;0.23042557078268977;160.37703095581688;operator
Q8_78_seed_631710387;16085;Hash;8;Inner;;35.575;35.576;120.76520758712951;120.76570758712951;pattern
Q8_78_seed_631710387;16083;Hash Join;7;Outer;;35.877;212.192;60.62073364941592;271.85650906338503;pattern
Q8_78_seed_631710387;16093;Index Scan;7;Inner;;0.04;0.042;0.037741115854347924;0.04062558144810407;operator
Q8_78_seed_631710387;16095;Seq Scan;7;Outer;;0.185;41.895;0.38789733711962743;39.329590827248836;operator
Q8_78_seed_631710387;16082;Nested Loop;6;Outer;;36.112;1176.564;38.79443093658544;1118.21069362758;operator
Q8_78_seed_631710387;16094;Hash;6;Inner;;41.994;41.995;17.39613916614408;17.39642024134386;operator
Q8_78_seed_631710387;16081;Hash Join;5;Outer;;80.069;1222.919;85.77993613461476;1204.7962629578278;pattern
Q8_78_seed_631710387;16096;Index Scan;5;Inner;;0.006;0.006;0.005962461696943181;0.006192428531057802;operator
Q8_78_seed_631710387;16098;Seq Scan;5;Outer;;0.009;0.01;0.05182032088445343;3.318337216688235;operator
Q8_78_seed_631710387;16080;Nested Loop;4;Outer;;80.282;1226.79;54.24194050503874;1150.094428921726;operator
Q8_78_seed_631710387;16097;Hash;4;Inner;;0.014;0.014;10.402055745812149;10.402324494838766;operator
Q8_78_seed_631710387;16079;Hash Join;3;Outer;;80.358;1227.095;82.56880402917467;1207.8685969856224;pattern
Q8_78_seed_631710387;16078;Sort;2;Outer;;1227.371;1227.384;1252.7876326658898;1252.8086326658897;pattern
Q8_78_seed_631710387;16077;Gather Merge;1;Outer;;1230.068;1232.252;1133.5955207367756;1136.3913174183772;operator
Q8_78_seed_631710387;16076;Aggregate;0;;;1230.41;1232.713;1195.1292723605743;1203.5340791368124;pattern
Q8_8_seed_57428217;16391;Seq Scan;13;Outer;;0.207;0.207;0.05186146210476378;13.079574437254479;operator
Q8_8_seed_57428217;16389;Seq Scan;12;Outer;;0.009;0.01;0.05182032088445343;6.220199590371749;operator
Q8_8_seed_57428217;16390;Hash;12;Inner;;0.211;0.211;11.10386993685431;11.104138686953476;operator
Q8_8_seed_57428217;16388;Hash Join;11;Outer;;0.227;0.229;0.8048912293360928;34.7439682841341;pattern
Q8_8_seed_57428217;16386;Seq Scan;10;Outer;;0.023;35.087;0.2058318816781986;32.2636879803311;operator
Q8_8_seed_57428217;16387;Hash;10;Inner;;0.232;0.232;43.47805011642102;43.478550116421005;pattern
Q8_8_seed_57428217;16385;Hash Join;9;Outer;;0.261;36.604;8.463390157812832;58.341505634504244;pattern
Q8_8_seed_57428217;16383;Seq Scan;8;Outer;;0.211;157.298;0.23042557078268977;160.37703095581688;operator
Q8_8_seed_57428217;16384;Hash;8;Inner;;37.239;37.24;120.76520758712951;120.76570758712951;pattern
Q8_8_seed_57428217;16382;Hash Join;7;Outer;;38.561;213.596;60.62073364941592;271.85650906338503;pattern
Q8_8_seed_57428217;16392;Index Scan;7;Inner;;0.04;0.042;0.037741115854347924;0.04062558144810407;operator
Q8_8_seed_57428217;16394;Seq Scan;7;Outer;;0.525;41.189;0.3879323403755736;39.33988282039084;operator
Q8_8_seed_57428217;16381;Nested Loop;6;Outer;;38.736;1173.952;38.79443093658544;1118.21069362758;operator
Q8_8_seed_57428217;16393;Hash;6;Inner;;41.259;41.26;17.391718908305762;17.39199977877138;operator
Q8_8_seed_57428217;16380;Hash Join;5;Outer;;83.82;1219.711;85.78233488696031;1204.7941260435557;pattern
Q8_8_seed_57428217;16395;Index Scan;5;Inner;;0.006;0.006;0.005962461696943181;0.006192428531057802;operator
Q8_8_seed_57428217;16397;Seq Scan;5;Outer;;0.009;0.01;0.05182032088445343;3.318337216688235;operator
Q8_8_seed_57428217;16379;Nested Loop;4;Outer;;83.969;1223.459;54.2396010854209;1150.0907573984905;operator
Q8_8_seed_57428217;16396;Hash;4;Inner;;0.013;0.014;10.402055745812149;10.402324494838766;operator
Q8_8_seed_57428217;16378;Hash Join;3;Outer;;84.034;1223.764;82.56849204305007;1207.8676616817029;pattern
Q8_8_seed_57428217;16377;Sort;2;Outer;;1223.984;1223.999;1252.7872780138312;1252.808278013831;pattern
Q8_8_seed_57428217;16376;Gather Merge;1;Outer;;1226.234;1228.665;1133.610795549612;1136.4060670128272;operator
Q8_8_seed_57428217;16375;Aggregate;0;;;1226.579;1229.108;1200.5481264331718;1208.6571846697077;pattern
Q8_95_seed_771178914;16529;Seq Scan;13;Outer;;0.197;0.197;0.05186146210476378;13.079574437254479;operator
Q8_95_seed_771178914;16527;Seq Scan;12;Outer;;0.007;0.008;0.05182032088445343;6.220199590371749;operator
Q8_95_seed_771178914;16528;Hash;12;Inner;;0.201;0.201;11.10386993685431;11.104138686953476;operator
Q8_95_seed_771178914;16526;Hash Join;11;Outer;;0.214;0.216;0.8048912293360928;34.7439682841341;pattern
Q8_95_seed_771178914;16524;Seq Scan;10;Outer;;0.122;34.979;0.2058318816781986;32.2636879803311;operator
Q8_95_seed_771178914;16525;Hash;10;Inner;;0.217;0.218;43.47805011642102;43.478550116421005;pattern
Q8_95_seed_771178914;16523;Hash Join;9;Outer;;0.348;36.553;8.463390157812832;58.341505634504244;pattern
Q8_95_seed_771178914;16521;Seq Scan;8;Outer;;0.2;161.83;0.23042557078268977;160.37703095581688;operator
Q8_95_seed_771178914;16522;Hash;8;Inner;;37.098;37.099;120.76520758712951;120.76570758712951;pattern
Q8_95_seed_771178914;16520;Hash Join;7;Outer;;37.337;216.663;60.62073364941592;271.85650906338503;pattern
Q8_95_seed_771178914;16530;Index Scan;7;Inner;;0.039;0.041;0.037741115854347924;0.04062558144810407;operator
Q8_95_seed_771178914;16532;Seq Scan;7;Outer;;0.125;36.255;0.38792456192882446;39.337595275221275;operator
Q8_95_seed_771178914;16519;Nested Loop;6;Outer;;37.567;1152.769;38.79443093658544;1118.21069362758;operator
Q8_95_seed_771178914;16531;Hash;6;Inner;;36.356;36.356;17.3927010521258;17.392981968077578;operator
Q8_95_seed_771178914;16518;Hash Join;5;Outer;;76.331;1193.702;85.78179914436353;1204.7946018306534;pattern
Q8_95_seed_771178914;16533;Index Scan;5;Inner;;0.006;0.006;0.005962461696943181;0.006192428531057802;operator
Q8_95_seed_771178914;16535;Seq Scan;5;Outer;;0.012;0.013;0.05182032088445343;3.318337216688235;operator
Q8_95_seed_771178914;16517;Nested Loop;4;Outer;;76.591;1197.699;54.24005282651825;1150.0914653731836;operator
Q8_95_seed_771178914;16534;Hash;4;Inner;;0.017;0.017;10.402055745812149;10.402324494838766;operator
Q8_95_seed_771178914;16516;Hash Join;3;Outer;;76.66;1198.016;82.56855492102156;1207.867861045782;pattern
Q8_95_seed_771178914;16515;Sort;2;Outer;;1198.244;1198.258;1252.7873500757537;1252.8083500757537;pattern
Q8_95_seed_771178914;16514;Gather Merge;1;Outer;;1202.53;1204.75;1133.5449935271354;1136.3422381992618;operator
Q8_95_seed_771178914;16513;Aggregate;0;;;1202.861;1205.174;1199.4146359841523;1207.592777488054;pattern
Q8_96_seed_779382945;16552;Seq Scan;13;Outer;;0.079;0.079;0.05186146210476378;13.079574437254479;operator
Q8_96_seed_779382945;16550;Seq Scan;12;Outer;;0.009;0.009;0.05182032088445343;6.220199590371749;operator
Q8_96_seed_779382945;16551;Hash;12;Inner;;0.081;0.081;11.10386993685431;11.104138686953476;operator
Q8_96_seed_779382945;16549;Hash Join;11;Outer;;0.096;0.097;0.8048912293360928;34.7439682841341;pattern
Q8_96_seed_779382945;16547;Seq Scan;10;Outer;;0.127;33.304;0.2058318816781986;32.2636879803311;operator
Q8_96_seed_779382945;16548;Hash;10;Inner;;0.1;0.101;43.47805011642102;43.478550116421005;pattern
Q8_96_seed_779382945;16546;Hash Join;9;Outer;;0.233;34.752;8.463390157812832;58.341505634504244;pattern
Q8_96_seed_779382945;16544;Seq Scan;8;Outer;;0.235;159.192;0.23042557078268977;160.37703095581688;operator
Q8_96_seed_779382945;16545;Hash;8;Inner;;35.372;35.373;120.76520758712951;120.76570758712951;pattern
Q8_96_seed_779382945;16543;Hash Join;7;Outer;;35.785;212.819;60.62073364941592;271.85650906338503;pattern
Q8_96_seed_779382945;16553;Index Scan;7;Inner;;0.039;0.042;0.037741115854347924;0.04062558144810407;operator
Q8_96_seed_779382945;16555;Seq Scan;7;Outer;;0.203;41.928;0.3879090049451065;39.33302093158409;operator
Q8_96_seed_779382945;16542;Nested Loop;6;Outer;;36.02;1181.296;38.79443093658544;1118.21069362758;operator
Q8_96_seed_779382945;16554;Hash;6;Inner;;42.04;42.04;17.394665572414794;17.394946579356684;operator
Q8_96_seed_779382945;16541;Hash Join;5;Outer;;81.257;1228.08;85.78072763874567;1204.795552444018;pattern
Q8_96_seed_779382945;16556;Index Scan;5;Inner;;0.006;0.006;0.005962461696943181;0.006192428531057802;operator
Q8_96_seed_779382945;16558;Seq Scan;5;Outer;;0.008;0.008;0.05182032088445343;3.318337216688235;operator
Q8_96_seed_779382945;16540;Nested Loop;4;Outer;;81.535;1231.987;54.24113072197595;1150.093157847088;operator
Q8_96_seed_779382945;16557;Hash;4;Inner;;0.012;0.012;10.402055745812149;10.402324494838766;operator
Q8_96_seed_779382945;16539;Hash Join;3;Outer;;81.606;1232.304;82.56870034668421;1207.8682834429776;pattern
Q8_96_seed_779382945;16538;Sort;2;Outer;;1232.537;1232.551;1252.7875146580052;1252.8085146580052;pattern
Q8_96_seed_779382945;16537;Gather Merge;1;Outer;;1236.649;1236.941;1133.5990075236703;1136.3946760069987;operator
Q8_96_seed_779382945;16536;Aggregate;0;;;1236.941;1237.331;1197.006526184931;1205.318524880704;pattern
Q9_108_seed_877831317;16807;Seq Scan;10;Outer;;0.16;20.213;0.37924554813180267;36.946345057591174;operator
Q9_108_seed_877831317;16808;Index Scan;10;Inner;;0.075;0.077;0.07202006315026457;0.07508257182655348;operator
Q9_108_seed_877831317;16810;Seq Scan;10;Outer;;0.06;3.498;0.05244914308523696;6.6748852627519;operator
Q9_108_seed_877831317;16806;Nested Loop;9;Outer;;0.622;161.643;0.6714225817001109;687.1889138354022;pattern
Q9_108_seed_877831317;16809;Hash;9;Inner;;4.104;4.104;13.8796673758617;13.880066316298112;operator
Q9_108_seed_877831317;16812;Seq Scan;9;Outer;;13.619;13.622;0.05182032088445343;3.318337216688235;operator
Q9_108_seed_877831317;16805;Hash Join;8;Outer;;4.756;168.107;50.37642747740988;1124.9995998686295;pattern
Q9_108_seed_877831317;16811;Hash;8;Inner;;13.637;13.637;10.402055745812149;10.402324494838766;operator
Q9_108_seed_877831317;16804;Hash Join;7;Outer;;18.404;182.372;30.284851570867815;639.5591620377303;pattern
Q9_108_seed_877831317;16802;Seq Scan;6;Outer;;0.411;709.759;0.8385882323020011;673.3415791519252;operator
Q9_108_seed_877831317;16803;Hash;6;Inner;;185.447;185.448;107.50879368471946;107.50929368471947;pattern
Q9_108_seed_877831317;16801;Hash Join;5;Outer;;186.692;990.126;57.72869033046577;772.7842681017814;pattern
Q9_108_seed_877831317;16813;Index Scan;5;Inner;;0.003;0.003;0.003631887571589082;0.003916090002325283;operator
Q9_108_seed_877831317;16800;Nested Loop;4;Outer;;187.181;1162.55;127.47156821657157;1183.1990960554563;operator
Q9_108_seed_877831317;16799;Aggregate;3;Outer;;1186.31;1186.748;1012.4872739889836;1027.6693278950595;operator
Q9_108_seed_877831317;16798;Gather;2;Outer;;1199.741;1205.881;796.8617458875755;1075.033971385478;operator
Q9_108_seed_877831317;16797;Aggregate;1;Outer;;1203.051;1206.741;980.6853189308964;987.0120962006085;pattern
Q9_108_seed_877831317;16796;Sort;0;;;1203.443;1206.857;1133.016285792089;1136.291352541771;pattern
Q9_111_seed_902443410;16881;Seq Scan;11;Outer;;0.224;25.76;0.37794028686305586;36.61456712961237;operator
Q9_111_seed_902443410;16882;Index Scan;11;Inner;;0.057;0.061;0.07202006315026457;0.07508257182655348;operator
Q9_111_seed_902443410;16884;Seq Scan;11;Outer;;0.159;4.464;0.05244914308523696;6.6748852627519;operator
Q9_111_seed_902443410;16880;Nested Loop;10;Outer;;0.423;192.161;0.6597414667405079;687.1889138354022;pattern
Q9_111_seed_902443410;16883;Hash;10;Inner;;4.915;4.915;13.8796673758617;13.880066316298112;operator
Q9_111_seed_902443410;16886;Seq Scan;10;Outer;;14.684;14.686;0.05182032088445343;3.318337216688235;operator
Q9_111_seed_902443410;16879;Hash Join;9;Outer;;5.363;199.5;50.37642747740988;1124.9995998686295;pattern
Q9_111_seed_902443410;16885;Hash;9;Inner;;14.698;14.698;10.402055745812149;10.402324494838766;operator
Q9_111_seed_902443410;16878;Hash Join;8;Outer;;20.078;215.077;30.284851570867815;639.5591620377303;pattern
Q9_111_seed_902443410;16876;Seq Scan;7;Outer;;0.331;689.955;0.8385882323020011;673.3415791519252;operator
Q9_111_seed_902443410;16877;Hash;7;Inner;;217.329;217.33;107.50879368471946;107.50929368471947;pattern
Q9_111_seed_902443410;16875;Hash Join;6;Outer;;217.745;1021.614;57.7134161739659;772.7842681017814;pattern
Q9_111_seed_902443410;16873;Seq Scan;5;Outer;;0.258;132.235;0.23623958645227744;151.9523495907439;operator
Q9_111_seed_902443410;16874;Hash;5;Inner;;1039.239;1039.261;107.50879368471946;107.50929368471947;pattern
Q9_111_seed_902443410;16872;Hash Join;4;Outer;;1039.832;1233.783;57.62654172312783;245.48334021837195;pattern
Q9_111_seed_902443410;16871;Aggregate;3;Outer;;1262.389;1263.046;841.5425093884492;892.8752208191654;operator
Q9_111_seed_902443410;16870;Gather;2;Outer;;1272.567;1278.944;721.4532315105295;1055.683848707209;operator
Q9_111_seed_902443410;16869;Aggregate;1;Outer;;1274.33;1280.224;943.5932991135123;949.9264835360211;pattern
Q9_111_seed_902443410;16868;Sort;0;;;1274.87;1280.356;1143.4691242407318;1146.7476389112605;pattern
Q9_113_seed_918851472;16916;Seq Scan;10;Outer;;0.106;19.185;0.3805499602302411;37.285175581389154;operator
Q9_113_seed_918851472;16917;Index Scan;10;Inner;;0.076;0.079;0.07202006315026457;0.07508257182655348;operator
Q9_113_seed_918851472;16919;Seq Scan;10;Outer;;0.063;2.022;0.05244914308523696;6.6748852627519;operator
Q9_113_seed_918851472;16915;Nested Loop;9;Outer;;0.596;161.467;0.6835369097556132;687.1889138354022;pattern
Q9_113_seed_918851472;16918;Hash;9;Inner;;2.528;2.529;13.8796673758617;13.880066316298112;operator
Q9_113_seed_918851472;16921;Seq Scan;9;Outer;;13.751;13.753;0.05182032088445343;3.318337216688235;operator
Q9_113_seed_918851472;16914;Hash Join;8;Outer;;3.149;166.203;50.37642747740988;1124.9995998686295;pattern
Q9_113_seed_918851472;16920;Hash;8;Inner;;13.764;13.764;10.402055745812149;10.402324494838766;operator
Q9_113_seed_918851472;16913;Hash Join;7;Outer;;16.924;180.582;30.284851570867815;639.5591620377303;pattern
Q9_113_seed_918851472;16911;Seq Scan;6;Outer;;0.346;700.139;0.8385882323020011;673.3415791519252;operator
Q9_113_seed_918851472;16912;Hash;6;Inner;;182.689;182.691;107.50879368471946;107.50929368471947;pattern
Q9_113_seed_918851472;16910;Hash Join;5;Outer;;183.896;976.295;57.74390407722938;772.7842681017814;pattern
Q9_113_seed_918851472;16922;Index Scan;5;Inner;;0.003;0.003;0.003631887571589082;0.003916090002325283;operator
Q9_113_seed_918851472;16909;Nested Loop;4;Outer;;184.331;1145.956;120.36895909227049;1174.360684187406;operator
Q9_113_seed_918851472;16908;Aggregate;3;Outer;;1170.282;1170.712;1010.0289737635416;1025.4085645899886;operator
Q9_113_seed_918851472;16907;Gather;2;Outer;;1184.495;1191.407;796.5235098602161;1074.7173236389128;operator
Q9_113_seed_918851472;16906;Aggregate;1;Outer;;1186.509;1192.209;980.0180569821258;986.344925592924;pattern
Q9_113_seed_918851472;16905;Sort;0;;;1186.946;1192.344;1129.9005506374199;1133.1407883108777;pattern
Q9_120_seed_976279689;17061;Seq Scan;10;Outer;;0.159;19.718;0.3808759296544822;37.37098393324209;operator
Q9_120_seed_976279689;17062;Index Scan;10;Inner;;0.072;0.076;0.07202006315026457;0.07508257182655348;operator
Q9_120_seed_976279689;17064;Seq Scan;10;Outer;;0.064;2.778;0.05244914308523696;6.6748852627519;operator
Q9_120_seed_976279689;17060;Nested Loop;9;Outer;;0.582;160.083;0.6866372677392087;687.1889138354022;pattern
Q9_120_seed_976279689;17063;Hash;9;Inner;;3.215;3.216;13.8796673758617;13.880066316298112;operator
Q9_120_seed_976279689;17066;Seq Scan;9;Outer;;12.685;12.687;0.05182032088445343;3.318337216688235;operator
Q9_120_seed_976279689;17059;Hash Join;8;Outer;;3.816;165.301;50.37642747740988;1124.9995998686295;pattern
Q9_120_seed_976279689;17065;Hash;8;Inner;;12.699;12.7;10.402055745812149;10.402324494838766;operator
Q9_120_seed_976279689;17058;Hash Join;7;Outer;;16.522;178.636;30.284851570867815;639.5591620377303;pattern
Q9_120_seed_976279689;17056;Seq Scan;6;Outer;;0.275;696.306;0.8385882323020011;673.3415791519252;operator
Q9_120_seed_976279689;17057;Hash;6;Inner;;180.922;180.924;107.50879368471946;107.50929368471947;pattern
Q9_120_seed_976279689;17055;Hash Join;5;Outer;;182.004;972.924;57.74771886359254;772.7842681017814;pattern
Q9_120_seed_976279689;17067;Index Scan;5;Inner;;0.003;0.003;0.003631887571589082;0.003916090002325283;operator
Q9_120_seed_976279689;17054;Nested Loop;4;Outer;;182.524;1153.406;118.56804162294361;1172.072863313708;operator
Q9_120_seed_976279689;17053;Aggregate;3;Outer;;1177.996;1178.529;1009.396556281838;1024.8277746518577;operator
Q9_120_seed_976279689;17052;Gather;2;Outer;;1192.107;1197.131;796.4527175966791;1074.5968311602603;operator
Q9_120_seed_976279689;17051;Aggregate;1;Outer;;1194.374;1198.408;979.8467522861745;986.1736444232744;pattern
Q9_120_seed_976279689;17050;Sort;0;;;1195.079;1198.583;1129.120289251581;1132.351484124068;pattern
Q9_127_seed_1033707906;17187;Seq Scan;10;Outer;;0.15;22.297;0.3802239372460783;37.19980733780008;operator
Q9_127_seed_1033707906;17188;Index Scan;10;Inner;;0.074;0.076;0.07202006315026457;0.07508257182655348;operator
Q9_127_seed_1033707906;17190;Seq Scan;10;Outer;;0.059;3.711;0.05244914308523696;6.6748852627519;operator
Q9_127_seed_1033707906;17186;Nested Loop;9;Outer;;0.61;160.257;0.680470379748094;687.1889138354022;pattern
Q9_127_seed_1033707906;17189;Hash;9;Inner;;4.272;4.272;13.8796673758617;13.880066316298112;operator
Q9_127_seed_1033707906;17192;Seq Scan;9;Outer;;12.816;12.818;0.05182032088445343;3.318337216688235;operator
Q9_127_seed_1033707906;17185;Hash Join;8;Outer;;4.905;166.901;50.37642747740988;1124.9995998686295;pattern
Q9_127_seed_1033707906;17191;Hash;8;Inner;;12.829;12.829;10.402055745812149;10.402324494838766;operator
Q9_127_seed_1033707906;17184;Hash Join;7;Outer;;17.744;180.361;30.284851570867815;639.5591620377303;pattern
Q9_127_seed_1033707906;17182;Seq Scan;6;Outer;;1.064;688.932;0.8385882323020011;673.3415791519252;operator
Q9_127_seed_1033707906;17183;Hash;6;Inner;;182.346;182.348;107.50879368471946;107.50929368471947;pattern
Q9_127_seed_1033707906;17181;Hash Join;5;Outer;;186.83;969.258;57.74009661790214;772.7842681017814;pattern
Q9_127_seed_1033707906;17193;Index Scan;5;Inner;;0.003;0.003;0.003631887571589082;0.003916090002325283;operator
Q9_127_seed_1033707906;17180;Nested Loop;4;Outer;;187.145;1147.125;122.16343438769775;1176.6232950238855;operator
Q9_127_seed_1033707906;17179;Aggregate;3;Outer;;1171.501;1172.012;1010.6558498386354;1025.9848221325285;operator
Q9_127_seed_1033707906;17178;Gather;2;Outer;;1185.391;1191.96;796.6099370034727;1074.7980751838793;operator
Q9_127_seed_1033707906;17177;Aggregate;1;Outer;;1186.184;1192.713;980.1880493383044;986.5148946306585;pattern
Q9_127_seed_1033707906;17176;Sort;0;;;1186.609;1192.849;1130.6815481644726;1133.9306993675627;pattern
Q9_12_seed_90244341;17242;Seq Scan;10;Outer;;0.161;19.498;0.3802239372460783;37.19980733780008;operator
Q9_12_seed_90244341;17243;Index Scan;10;Inner;;0.073;0.078;0.07202006315026457;0.07508257182655348;operator
Q9_12_seed_90244341;17245;Seq Scan;10;Outer;;0.06;2.713;0.05244914308523696;6.6748852627519;operator
Q9_12_seed_90244341;17241;Nested Loop;9;Outer;;0.712;160.418;0.680470379748094;687.1889138354022;pattern
Q9_12_seed_90244341;17244;Hash;9;Inner;;3.305;3.305;13.8796673758617;13.880066316298112;operator
Q9_12_seed_90244341;17247;Seq Scan;9;Outer;;13.14;13.142;0.05182032088445343;3.318337216688235;operator
Q9_12_seed_90244341;17240;Hash Join;8;Outer;;4.039;166.012;50.37642747740988;1124.9995998686295;pattern
Q9_12_seed_90244341;17246;Hash;8;Inner;;13.155;13.155;10.402055745812149;10.402324494838766;operator
Q9_12_seed_90244341;17239;Hash Join;7;Outer;;17.202;179.788;30.284851570867815;639.5591620377303;pattern
Q9_12_seed_90244341;17237;Seq Scan;6;Outer;;0.971;697.487;0.8385882323020011;673.3415791519252;operator
Q9_12_seed_90244341;17238;Hash;6;Inner;;181.59;181.593;107.50879368471946;107.50929368471947;pattern
Q9_12_seed_90244341;17236;Hash Join;5;Outer;;182.667;971.068;57.74009661790214;772.7842681017814;pattern
Q9_12_seed_90244341;17248;Index Scan;5;Inner;;0.003;0.003;0.003631887571589082;0.003916090002325283;operator
Q9_12_seed_90244341;17235;Nested Loop;4;Outer;;183.109;1142.714;122.16343438769775;1176.6232950238855;operator
Q9_12_seed_90244341;17234;Aggregate;3;Outer;;1166.203;1166.627;1010.6558498386354;1025.9848221325285;operator
Q9_12_seed_90244341;17233;Gather;2;Outer;;1181.673;1191.748;796.6099370034727;1074.7980751838793;operator
Q9_12_seed_90244341;17232;Aggregate;1;Outer;;1182.341;1192.374;980.1880493383044;986.5148946306585;pattern
Q9_12_seed_90244341;17231;Sort;0;;;1182.699;1192.483;1130.6815481644726;1133.9306993675627;pattern
Q9_135_seed_1099340154;17350;Seq Scan;10;Outer;;0.157;21.997;0.3795717310705038;37.03039190368651;operator
Q9_135_seed_1099340154;17351;Index Scan;10;Inner;;0.071;0.074;0.07202006315026457;0.07508257182655348;operator
Q9_135_seed_1099340154;17353;Seq Scan;10;Outer;;0.06;2.889;0.05244914308523696;6.6748852627519;operator
Q9_135_seed_1099340154;17349;Nested Loop;9;Outer;;0.583;156.938;0.6744098756695349;687.1889138354022;pattern
Q9_135_seed_1099340154;17352;Hash;9;Inner;;3.341;3.341;13.8796673758617;13.880066316298112;operator
Q9_135_seed_1099340154;17355;Seq Scan;9;Outer;;12.785;12.787;0.05182032088445343;3.318337216688235;operator
Q9_135_seed_1099340154;17348;Hash Join;8;Outer;;3.949;162.543;50.37642747740988;1124.9995998686295;pattern
Q9_135_seed_1099340154;17354;Hash;8;Inner;;12.797;12.797;10.402055745812149;10.402324494838766;operator
Q9_135_seed_1099340154;17347;Hash Join;7;Outer;;16.757;175.988;30.284851570867815;639.5591620377303;pattern
Q9_135_seed_1099340154;17345;Seq Scan;6;Outer;;0.415;686.577;0.8385882323020011;673.3415791519252;operator
Q9_135_seed_1099340154;17346;Hash;6;Inner;;178.437;178.439;107.50879368471946;107.50929368471947;pattern
Q9_135_seed_1099340154;17344;Hash Join;5;Outer;;180.6;961.679;57.73249678753658;772.7842681017814;pattern
Q9_135_seed_1099340154;17356;Index Scan;5;Inner;;0.003;0.003;0.003631887571589082;0.003916090002325283;operator
Q9_135_seed_1099340154;17343;Nested Loop;4;Outer;;180.976;1134.821;125.71628146491597;1181.045659403612;operator
Q9_135_seed_1099340154;17342;Aggregate;3;Outer;;1159.287;1159.874;1011.8857968919804;1027.1161672699068;operator
Q9_135_seed_1099340154;17341;Gather;2;Outer;;1171.47;1178.441;796.7791588853547;1074.9565260074755;operator
Q9_135_seed_1099340154;17340;Aggregate;1;Outer;;1174.676;1179.464;980.5219456503979;986.8487452339295;pattern
Q9_135_seed_1099340154;17339;Sort;0;;;1175.194;1179.595;1132.2387883581464;1135.5053468632148;pattern
Q9_143_seed_1164972402;17513;Seq Scan;10;Outer;;0.118;19.128;0.379897860817764;37.114879386507454;operator
Q9_143_seed_1164972402;17514;Index Scan;10;Inner;;0.073;0.075;0.07202006315026457;0.07508257182655348;operator
Q9_143_seed_1164972402;17516;Seq Scan;10;Outer;;0.133;4.177;0.05244914308523696;6.6748852627519;operator
Q9_143_seed_1164972402;17512;Nested Loop;9;Outer;;0.617;157.089;0.6774197896128626;687.1889138354022;pattern
Q9_143_seed_1164972402;17515;Hash;9;Inner;;4.734;4.735;13.8796673758617;13.880066316298112;operator
Q9_143_seed_1164972402;17518;Seq Scan;9;Outer;;13.877;13.88;0.05182032088445343;3.318337216688235;operator
Q9_143_seed_1164972402;17511;Hash Join;8;Outer;;5.384;164.01;50.37642747740988;1124.9995998686295;pattern
Q9_143_seed_1164972402;17517;Hash;8;Inner;;13.893;13.893;10.402055745812149;10.402324494838766;operator
Q9_143_seed_1164972402;17510;Hash Join;7;Outer;;19.289;178.537;30.284851570867815;639.5591620377303;pattern
Q9_143_seed_1164972402;17508;Seq Scan;6;Outer;;0.324;681.396;0.8385882323020011;673.3415791519252;operator
Q9_143_seed_1164972402;17509;Hash;6;Inner;;180.256;180.257;107.50879368471946;107.50929368471947;pattern
Q9_143_seed_1164972402;17507;Hash Join;5;Outer;;181.294;957.786;57.73630008537026;772.7842681017814;pattern
Q9_143_seed_1164972402;17519;Index Scan;5;Inner;;0.003;0.003;0.003631887571589082;0.003916090002325283;operator
Q9_143_seed_1164972402;17506;Nested Loop;4;Outer;;181.739;1127.496;123.94466486146978;1178.85056093231;operator
Q9_143_seed_1164972402;17505;Aggregate;3;Outer;;1152.085;1152.593;1011.2744679855159;1026.553804496304;operator
Q9_143_seed_1164972402;17504;Gather;2;Outer;;1164.914;1172.568;796.6951070838943;1074.8777760111964;operator
Q9_143_seed_1164972402;17503;Aggregate;1;Outer;;1166.318;1173.611;980.3559411805539;986.6827634728425;pattern
Q9_143_seed_1164972402;17502;Sort;0;;;1166.816;1173.761;1131.4602727681179;1134.7181897310097;pattern
Q9_27_seed_213304806;17912;Seq Scan;10;Outer;;0.162;19.831;0.3795717310705038;37.03039190368651;operator
Q9_27_seed_213304806;17913;Index Scan;10;Inner;;0.069;0.072;0.07202006315026457;0.07508257182655348;operator
Q9_27_seed_213304806;17915;Seq Scan;10;Outer;;0.057;4.062;0.05244914308523696;6.6748852627519;operator
Q9_27_seed_213304806;17911;Nested Loop;9;Outer;;0.675;152.273;0.6744098756695349;687.1889138354022;pattern
Q9_27_seed_213304806;17914;Hash;9;Inner;;4.651;4.651;13.8796673758617;13.880066316298112;operator
Q9_27_seed_213304806;17917;Seq Scan;9;Outer;;13.284;13.286;0.05182032088445343;3.318337216688235;operator
Q9_27_seed_213304806;17910;Hash Join;8;Outer;;5.351;159.517;50.37642747740988;1124.9995998686295;pattern
Q9_27_seed_213304806;17916;Hash;8;Inner;;13.297;13.297;10.402055745812149;10.402324494838766;operator
Q9_27_seed_213304806;17909;Hash Join;7;Outer;;18.66;173.444;30.284851570867815;639.5591620377303;pattern
Q9_27_seed_213304806;17907;Seq Scan;6;Outer;;0.444;697.324;0.8385882323020011;673.3415791519252;operator
Q9_27_seed_213304806;17908;Hash;6;Inner;;175.359;175.361;107.50879368471946;107.50929368471947;pattern
Q9_27_seed_213304806;17906;Hash Join;5;Outer;;176.666;968.305;57.73249678753658;772.7842681017814;pattern
Q9_27_seed_213304806;17918;Index Scan;5;Inner;;0.003;0.003;0.003631887571589082;0.003916090002325283;operator
Q9_27_seed_213304806;17905;Nested Loop;4;Outer;;177.284;1137.988;125.71628146491597;1181.045659403612;operator
Q9_27_seed_213304806;17904;Aggregate;3;Outer;;1162.218;1162.633;1011.8857968919804;1027.1161672699068;operator
Q9_27_seed_213304806;17903;Gather;2;Outer;;1175.227;1181.813;796.7791588853547;1074.9565260074755;operator
Q9_27_seed_213304806;17902;Aggregate;1;Outer;;1177.171;1182.948;980.5219456503979;986.8487452339295;pattern
Q9_27_seed_213304806;17901;Sort;0;;;1177.687;1183.071;1132.2387883581464;1135.5053468632148;pattern
Q9_35_seed_278937054;18076;Seq Scan;10;Outer;;0.197;20.313;0.38120184539134006;37.45723220142577;operator
Q9_35_seed_278937054;18077;Index Scan;10;Inner;;0.067;0.069;0.07202006315026457;0.07508257182655348;operator
Q9_35_seed_278937054;18079;Seq Scan;10;Outer;;0.055;3.588;0.05244914308523696;6.6748852627519;operator
Q9_35_seed_278937054;18075;Nested Loop;9;Outer;;0.749;144.664;0.6897660768369898;687.1889138354022;pattern
Q9_35_seed_278937054;18078;Hash;9;Inner;;4.126;4.127;13.8796673758617;13.880066316298112;operator
Q9_35_seed_278937054;18081;Seq Scan;9;Outer;;12.855;12.858;0.05182032088445343;3.318337216688235;operator
Q9_35_seed_278937054;18074;Hash Join;8;Outer;;4.896;150.931;50.37642747740988;1124.9995998686295;pattern
Q9_35_seed_278937054;18080;Hash;8;Inner;;12.869;12.869;10.402055745812149;10.402324494838766;operator
Q9_35_seed_278937054;18073;Hash Join;7;Outer;;17.775;164.426;30.284851570867815;639.5591620377303;pattern
Q9_35_seed_278937054;18071;Seq Scan;6;Outer;;0.341;683.761;0.8385882323020011;673.3415791519252;operator
Q9_35_seed_278937054;18072;Hash;6;Inner;;166.252;166.257;107.50879368471946;107.50929368471947;pattern
Q9_35_seed_278937054;18070;Hash Join;5;Outer;;167.076;944.289;57.75153988536756;772.7842681017814;pattern
Q9_35_seed_278937054;18082;Index Scan;5;Inner;;0.003;0.003;0.003631887571589082;0.003916090002325283;operator
Q9_35_seed_278937054;18069;Nested Loop;4;Outer;;167.556;1119.216;116.76608110295876;1169.7685735792281;operator
Q9_35_seed_278937054;18068;Aggregate;3;Outer;;1142.943;1143.18;1008.7609056784352;1024.244823698766;operator
Q9_35_seed_278937054;18067;Gather;2;Outer;;1154.916;1162.296;798.5247024733403;1069.1779251078808;operator
Q9_35_seed_278937054;18066;Aggregate;1;Outer;;1156.266;1163.565;979.6748122935711;986.0017280689416;pattern
Q9_35_seed_278937054;18065;Sort;0;;;1156.768;1163.7;1128.6861974771452;1131.9096516930294;pattern
Q9_43_seed_344569302;18239;Seq Scan;10;Outer;;0.139;20.035;0.38152770731278424;37.54392018618978;operator
Q9_43_seed_344569302;18240;Index Scan;10;Inner;;0.073;0.075;0.07202006315026457;0.07508257182655348;operator
Q9_43_seed_344569302;18242;Seq Scan;10;Outer;;0.062;3.939;0.05244914308523696;6.6748852627519;operator
Q9_43_seed_344569302;18238;Nested Loop;9;Outer;;0.619;156.977;0.6929234713732102;687.1889138354022;pattern
Q9_43_seed_344569302;18241;Hash;9;Inner;;4.508;4.508;13.8796673758617;13.880066316298112;operator
Q9_43_seed_344569302;18244;Seq Scan;9;Outer;;13.343;13.346;0.05182032088445343;3.318337216688235;operator
Q9_43_seed_344569302;18237;Hash Join;8;Outer;;5.154;164.007;50.37642747740988;1124.9995998686295;pattern
Q9_43_seed_344569302;18243;Hash;8;Inner;;13.359;13.359;10.402055745812149;10.402324494838766;operator
Q9_43_seed_344569302;18236;Hash Join;7;Outer;;18.525;177.979;30.284851570867815;639.5591620377303;pattern
Q9_43_seed_344569302;18234;Seq Scan;6;Outer;;0.279;693.941;0.8385882323020011;673.3415791519252;operator
Q9_43_seed_344569302;18235;Hash;6;Inner;;179.837;179.838;107.50879368471946;107.50929368471947;pattern
Q9_43_seed_344569302;18233;Hash Join;5;Outer;;180.995;967.736;57.75537252730158;772.7842681017814;pattern
Q9_43_seed_344569302;18245;Index Scan;5;Inner;;0.003;0.003;0.003631887571589082;0.003916090002325283;operator
Q9_43_seed_344569302;18232;Nested Loop;4;Outer;;181.53;1141.995;114.9655171591888;1167.4530623003468;operator
Q9_43_seed_344569302;18231;Aggregate;3;Outer;;1165.826;1166.055;1008.1233506650802;1023.6611874320234;operator
Q9_43_seed_344569302;18230;Gather;2;Outer;;1177.406;1183.987;800.4973542177335;1063.5387148565965;operator
Q9_43_seed_344569302;18229;Aggregate;1;Outer;;1181.695;1185.101;979.5026486348072;985.8295881005288;pattern
Q9_43_seed_344569302;18228;Sort;0;;;1182.176;1185.221;1128.3688612924534;1131.5846752980794;pattern
Q9_61_seed_492241860;18599;Seq Scan;10;Outer;;0.181;20.12;0.379897860817764;37.114879386507454;operator
Q9_61_seed_492241860;18600;Index Scan;10;Inner;;0.071;0.075;0.07202006315026457;0.07508257182655348;operator
Q9_61_seed_492241860;18602;Seq Scan;10;Outer;;0.058;2.325;0.05244914308523696;6.6748852627519;operator
Q9_61_seed_492241860;18598;Nested Loop;9;Outer;;0.589;153.373;0.6774197896128626;687.1889138354022;pattern
Q9_61_seed_492241860;18601;Hash;9;Inner;;2.78;2.78;13.8796673758617;13.880066316298112;operator
Q9_61_seed_492241860;18604;Seq Scan;9;Outer;;15.168;15.17;0.05182032088445343;3.318337216688235;operator
Q9_61_seed_492241860;18597;Hash Join;8;Outer;;3.391;157.967;50.37642747740988;1124.9995998686295;pattern
Q9_61_seed_492241860;18603;Hash;8;Inner;;15.182;15.183;10.402055745812149;10.402324494838766;operator
Q9_61_seed_492241860;18596;Hash Join;7;Outer;;18.582;173.856;30.284851570867815;639.5591620377303;pattern
Q9_61_seed_492241860;18594;Seq Scan;6;Outer;;0.304;679.734;0.8385882323020011;673.3415791519252;operator
Q9_61_seed_492241860;18595;Hash;6;Inner;;175.673;175.675;107.50879368471946;107.50929368471947;pattern
Q9_61_seed_492241860;18593;Hash Join;5;Outer;;177.133;948.142;57.73630008537026;772.7842681017814;pattern
Q9_61_seed_492241860;18605;Index Scan;5;Inner;;0.003;0.003;0.003631887571589082;0.003916090002325283;operator
Q9_61_seed_492241860;18592;Nested Loop;4;Outer;;177.511;1117.738;123.94466486146978;1178.85056093231;operator
Q9_61_seed_492241860;18591;Aggregate;3;Outer;;1141.218;1141.68;1011.2744679855159;1026.553804496304;operator
Q9_61_seed_492241860;18590;Gather;2;Outer;;1155.893;1160.812;796.6951070838943;1074.8777760111964;operator
Q9_61_seed_492241860;18589;Aggregate;1;Outer;;1156.901;1161.754;980.3559411805539;986.6827634728425;pattern
Q9_61_seed_492241860;18588;Sort;0;;;1157.401;1161.885;1131.4602727681179;1134.7181897310097;pattern
Q9_84_seed_680934573;19056;Seq Scan;11;Outer;;0.181;27.375;0.37794028686305586;36.61456712961237;operator
Q9_84_seed_680934573;19057;Index Scan;11;Inner;;0.057;0.058;0.07202006315026457;0.07508257182655348;operator
Q9_84_seed_680934573;19059;Seq Scan;11;Outer;;0.134;4.143;0.05244914308523696;6.6748852627519;operator
Q9_84_seed_680934573;19055;Nested Loop;10;Outer;;0.409;187.205;0.6597414667405079;687.1889138354022;pattern
Q9_84_seed_680934573;19058;Hash;10;Inner;;4.562;4.563;13.8796673758617;13.880066316298112;operator
Q9_84_seed_680934573;19061;Seq Scan;10;Outer;;14.82;14.824;0.05182032088445343;3.318337216688235;operator
Q9_84_seed_680934573;19054;Hash Join;9;Outer;;4.989;194.164;50.37642747740988;1124.9995998686295;pattern
Q9_84_seed_680934573;19060;Hash;9;Inner;;14.839;14.839;10.402055745812149;10.402324494838766;operator
Q9_84_seed_680934573;19053;Hash Join;8;Outer;;19.841;209.908;30.284851570867815;639.5591620377303;pattern
Q9_84_seed_680934573;19051;Seq Scan;7;Outer;;0.302;652.853;0.8385882323020011;673.3415791519252;operator
Q9_84_seed_680934573;19052;Hash;7;Inner;;212.564;212.565;107.50879368471946;107.50929368471947;pattern
Q9_84_seed_680934573;19050;Hash Join;6;Outer;;213.367;981.429;57.7134161739659;772.7842681017814;pattern
Q9_84_seed_680934573;19048;Seq Scan;5;Outer;;0.219;132.074;0.23623958645227744;151.9523495907439;operator
Q9_84_seed_680934573;19049;Hash;5;Inner;;999.228;999.248;107.50879368471946;107.50929368471947;pattern
Q9_84_seed_680934573;19047;Hash Join;4;Outer;;999.791;1192.518;57.62654172312783;245.48334021837195;pattern
Q9_84_seed_680934573;19046;Aggregate;3;Outer;;1220.493;1221.048;841.5425093884492;892.8752208191654;operator
Q9_84_seed_680934573;19045;Gather;2;Outer;;1231.378;1238.214;721.4532315105295;1055.683848707209;operator
Q9_84_seed_680934573;19044;Aggregate;1;Outer;;1232.809;1239.122;943.5932991135123;949.9264835360211;pattern
Q9_84_seed_680934573;19043;Sort;0;;;1233.288;1239.243;1143.4691242407318;1146.7476389112605;pattern
Q9_99_seed_803995038;19345;Seq Scan;10;Outer;;0.264;20.31;0.3808759296544822;37.37098393324209;operator
Q9_99_seed_803995038;19346;Index Scan;10;Inner;;0.075;0.077;0.07202006315026457;0.07508257182655348;operator
Q9_99_seed_803995038;19348;Seq Scan;10;Outer;;0.056;4.349;0.05244914308523696;6.6748852627519;operator
Q9_99_seed_803995038;19344;Nested Loop;9;Outer;;0.69;161.652;0.6866372677392087;687.1889138354022;pattern
Q9_99_seed_803995038;19347;Hash;9;Inner;;4.807;4.807;13.8796673758617;13.880066316298112;operator
Q9_99_seed_803995038;19350;Seq Scan;9;Outer;;12.42;12.421;0.05182032088445343;3.318337216688235;operator
Q9_99_seed_803995038;19343;Hash Join;8;Outer;;5.516;168.461;50.37642747740988;1124.9995998686295;pattern
Q9_99_seed_803995038;19349;Hash;8;Inner;;12.43;12.43;10.402055745812149;10.402324494838766;operator
Q9_99_seed_803995038;19342;Hash Join;7;Outer;;17.953;181.504;30.284851570867815;639.5591620377303;pattern
Q9_99_seed_803995038;19340;Seq Scan;6;Outer;;0.352;748.894;0.8385882323020011;673.3415791519252;operator
Q9_99_seed_803995038;19341;Hash;6;Inner;;183.736;183.738;107.50879368471946;107.50929368471947;pattern
Q9_99_seed_803995038;19339;Hash Join;5;Outer;;184.2;1027.346;57.74771886359254;772.7842681017814;pattern
Q9_99_seed_803995038;19351;Index Scan;5;Inner;;0.003;0.003;0.003631887571589082;0.003916090002325283;operator
Q9_99_seed_803995038;19338;Nested Loop;4;Outer;;184.672;1208.525;118.56804162294361;1172.072863313708;operator
Q9_99_seed_803995038;19337;Aggregate;3;Outer;;1233.667;1234.063;1009.396556281838;1024.8277746518577;operator
Q9_99_seed_803995038;19336;Gather;2;Outer;;1247.155;1252.406;796.4527175966791;1074.5968311602603;operator
Q9_99_seed_803995038;19335;Aggregate;1;Outer;;1247.783;1252.991;979.8467522861745;986.1736444232744;pattern
Q9_99_seed_803995038;19334;Sort;0;;;1248.164;1253.112;1129.120289251581;1132.351484124068;pattern
Q10_107_seed_869627286;19468;Seq Scan;7;Outer;;0.31;159.712;0.20012063043902978;162.96729618471264;operator
Q10_107_seed_869627286;19469;Index Scan;7;Inner;;0.06;0.062;0.05607278279962953;0.06130194055731019;operator
Q10_107_seed_869627286;19471;Seq Scan;7;Outer;;0.012;28.863;0.2058318816781986;27.02364662623208;operator
Q10_107_seed_869627286;19467;Nested Loop;6;Outer;;0.615;1044.556;0.6155326272250772;1005.9889999960253;pattern
Q10_107_seed_869627286;19470;Hash;6;Inner;;35.991;35.991;32.31766644175238;32.3192406406809;operator
Q10_107_seed_869627286;19473;Seq Scan;6;Outer;;0.009;0.01;0.05182032088445343;3.318337216688235;operator
Q10_107_seed_869627286;19466;Hash Join;5;Outer;;36.804;1090.563;50.37642747740988;1124.9995998686295;pattern
Q10_107_seed_869627286;19472;Hash;5;Inner;;0.014;0.014;10.402055745812149;10.402324494838766;operator
Q10_107_seed_869627286;19465;Hash Join;4;Outer;;36.896;1093.533;30.284851570867815;639.5591620377303;pattern
Q10_107_seed_869627286;19464;Gather;3;Outer;;38.872;1088.933;614.7031741589884;989.9368982835023;operator
Q10_107_seed_869627286;19463;Aggregate;2;Outer;;1132.716;1142.427;1004.2131375120694;1010.5710008469366;pattern
Q10_107_seed_869627286;19462;Sort;1;Outer;;1145.15;1145.961;1179.762805747557;1181.6000074253627;pattern
Q10_107_seed_869627286;19461;Limit;0;;;1145.151;1145.962;1172.0280484412658;1172.8864981367353;pattern
Q10_115_seed_935259534;19585;Seq Scan;7;Outer;;0.441;162.826;0.20019539971322975;162.95814232642942;operator
Q10_115_seed_935259534;19586;Index Scan;7;Inner;;0.06;0.062;0.05607278279962953;0.06130194055731019;operator
Q10_115_seed_935259534;19588;Seq Scan;7;Outer;;0.018;27.905;0.2058318816781986;27.02364662623208;operator
Q10_115_seed_935259534;19584;Nested Loop;6;Outer;;0.781;1056.305;0.6160030318414735;1005.9889999960253;pattern
Q10_115_seed_935259534;19587;Hash;6;Inner;;37.973;37.973;32.31766644175238;32.3192406406809;operator
Q10_115_seed_935259534;19590;Seq Scan;6;Outer;;0.01;0.011;0.05182032088445343;3.318337216688235;operator
Q10_115_seed_935259534;19583;Hash Join;5;Outer;;39.738;1105.406;50.37642747740988;1124.9995998686295;pattern
Q10_115_seed_935259534;19589;Hash;5;Inner;;0.015;0.015;10.402055745812149;10.402324494838766;operator
Q10_115_seed_935259534;19582;Hash Join;4;Outer;;39.804;1108.296;30.284851570867815;639.5591620377303;pattern
Q10_115_seed_935259534;19581;Gather;3;Outer;;43.888;1105.42;614.4710860519567;990.3286590092648;operator
Q10_115_seed_935259534;19580;Aggregate;2;Outer;;1148.499;1158.402;1004.2131375120694;1010.5710008469366;pattern
Q10_115_seed_935259534;19579;Sort;1;Outer;;1161.047;1161.871;1179.8615663625174;1181.7001834897703;pattern
Q10_115_seed_935259534;19578;Limit;0;;;1161.048;1161.872;1172.0280484412658;1172.8864981367353;pattern
Q10_121_seed_984483720;19676;Seq Scan;7;Outer;;0.334;167.256;0.20019513827254692;162.9581743248278;operator
Q10_121_seed_984483720;19677;Index Scan;7;Inner;;0.061;0.063;0.05607278279962953;0.06130194055731019;operator
Q10_121_seed_984483720;19679;Seq Scan;7;Outer;;0.018;24.663;0.2058318816781986;27.02364662623208;operator
Q10_121_seed_984483720;19675;Nested Loop;6;Outer;;0.551;1077.279;0.6160015711490061;1005.9889999960253;pattern
Q10_121_seed_984483720;19678;Hash;6;Inner;;31.709;31.709;32.31766644175238;32.3192406406809;operator
Q10_121_seed_984483720;19681;Seq Scan;6;Outer;;0.011;0.012;0.05182032088445343;3.318337216688235;operator
Q10_121_seed_984483720;19674;Hash Join;5;Outer;;32.483;1119.259;50.37642747740988;1124.9995998686295;pattern
Q10_121_seed_984483720;19680;Hash;5;Inner;;0.016;0.017;10.402055745812149;10.402324494838766;operator
Q10_121_seed_984483720;19673;Hash Join;4;Outer;;32.574;1122.697;30.284851570867815;639.5591620377303;pattern
Q10_121_seed_984483720;19672;Gather;3;Outer;;34.806;1112.957;614.4719059673259;990.3272721499948;operator
Q10_121_seed_984483720;19671;Aggregate;2;Outer;;1155.993;1165.578;1004.2131375120694;1010.5710008469366;pattern
Q10_121_seed_984483720;19670;Sort;1;Outer;;1168.74;1169.548;1179.8612609537536;1181.6998737072581;pattern
Q10_121_seed_984483720;19669;Limit;0;;;1168.741;1169.55;1172.0280484412658;1172.8864981367353;pattern
Q10_124_seed_1009095813;19715;Seq Scan;7;Outer;;0.29;160.85;0.2001810204976019;162.9599023225665;operator
Q10_124_seed_1009095813;19716;Index Scan;7;Inner;;0.058;0.061;0.05607278279962953;0.06130194055731019;operator
Q10_124_seed_1009095813;19718;Seq Scan;7;Outer;;0.039;27.901;0.2058318816781986;27.02364662623208;operator
Q10_124_seed_1009095813;19714;Nested Loop;6;Outer;;0.857;1035.245;0.6159087539012171;1005.9889999960253;pattern
Q10_124_seed_1009095813;19717;Hash;6;Inner;;37.697;37.699;32.31766644175238;32.3192406406809;operator
Q10_124_seed_1009095813;19720;Seq Scan;6;Outer;;0.011;0.012;0.05182032088445343;3.318337216688235;operator
Q10_124_seed_1009095813;19713;Hash Join;5;Outer;;39.773;1084.448;50.37642747740988;1124.9995998686295;pattern
Q10_124_seed_1009095813;19719;Hash;5;Inner;;0.015;0.015;10.402055745812149;10.402324494838766;operator
Q10_124_seed_1009095813;19712;Hash Join;4;Outer;;39.86;1087.432;30.284851570867815;639.5591620377303;pattern
Q10_124_seed_1009095813;19711;Gather;3;Outer;;40.439;1086.655;614.51536337516;990.2537943505483;operator
Q10_124_seed_1009095813;19710;Aggregate;2;Outer;;1130.47;1140.146;1004.2131375120694;1010.5710008469366;pattern
Q10_124_seed_1009095813;19709;Sort;1;Outer;;1142.814;1143.595;1179.8425112795103;1181.6808554791264;pattern
Q10_124_seed_1009095813;19708;Limit;0;;;1142.815;1143.596;1172.0280484412658;1172.8864981367353;pattern
Q10_130_seed_1058319999;19806;Seq Scan;7;Outer;;0.177;163.142;0.20019539971322975;162.95814232642942;operator
Q10_130_seed_1058319999;19807;Index Scan;7;Inner;;0.06;0.063;0.05607278279962953;0.06130194055731019;operator
Q10_130_seed_1058319999;19809;Seq Scan;7;Outer;;0.206;23.611;0.2058318816781986;27.02364662623208;operator
Q10_130_seed_1058319999;19805;Nested Loop;6;Outer;;0.761;1059.611;0.6160030318414735;1005.9889999960253;pattern
Q10_130_seed_1058319999;19808;Hash;6;Inner;;33.831;33.831;32.31766644175238;32.3192406406809;operator
Q10_130_seed_1058319999;19811;Seq Scan;6;Outer;;0.009;0.01;0.05182032088445343;3.318337216688235;operator
Q10_130_seed_1058319999;19804;Hash Join;5;Outer;;35.268;1104.291;50.37642747740988;1124.9995998686295;pattern
Q10_130_seed_1058319999;19810;Hash;5;Inner;;0.014;0.014;10.402055745812149;10.402324494838766;operator
Q10_130_seed_1058319999;19803;Hash Join;4;Outer;;35.344;1107.142;30.284851570867815;639.5591620377303;pattern
Q10_130_seed_1058319999;19802;Gather;3;Outer;;39.709;1105.717;614.4710860519567;990.3286590092648;operator
Q10_130_seed_1058319999;19801;Aggregate;2;Outer;;1148.72;1158.255;1004.2131375120694;1010.5710008469366;pattern
Q10_130_seed_1058319999;19800;Sort;1;Outer;;1160.735;1161.501;1179.8615663625174;1181.7001834897703;pattern
Q10_130_seed_1058319999;19799;Limit;0;;;1160.736;1161.503;1172.0280484412658;1172.8864981367353;pattern
Q10_133_seed_1082932092;19845;Seq Scan;7;Outer;;0.274;161.881;0.2001959226001328;162.95807832981717;operator
Q10_133_seed_1082932092;19846;Index Scan;7;Inner;;0.059;0.062;0.05607278279962953;0.06130194055731019;operator
Q10_133_seed_1082932092;19848;Seq Scan;7;Outer;;0.013;24.216;0.2058318816781986;27.02364662623208;operator
Q10_133_seed_1082932092;19844;Nested Loop;6;Outer;;0.502;1046.647;0.616006009128526;1005.9889999960253;pattern
Q10_133_seed_1082932092;19847;Hash;6;Inner;;31.245;31.245;32.31766644175238;32.3192406406809;operator
Q10_133_seed_1082932092;19850;Seq Scan;6;Outer;;0.01;0.011;0.05182032088445343;3.318337216688235;operator
Q10_133_seed_1082932092;19843;Hash Join;5;Outer;;31.909;1088.204;50.37642747740988;1124.9995998686295;pattern
Q10_133_seed_1082932092;19849;Hash;5;Inner;;0.017;0.017;10.402055745812149;10.402324494838766;operator
Q10_133_seed_1082932092;19842;Hash Join;4;Outer;;31.991;1091.047;30.284851570867815;639.5591620377303;pattern
Q10_133_seed_1082932092;19841;Gather;3;Outer;;34.215;1076.269;614.4694462252007;990.3314327817224;operator
Q10_133_seed_1082932092;19840;Aggregate;2;Outer;;1118.665;1128.059;1004.2131375120694;1010.5710008469366;pattern
Q10_133_seed_1082932092;19839;Sort;1;Outer;;1130.575;1131.318;1179.8622173714962;1181.7008438217563;pattern
Q10_133_seed_1082932092;19838;Limit;0;;;1130.576;1131.319;1172.0280484412658;1172.8864981367353;pattern
Q10_135_seed_1099340154;19871;Seq Scan;7;Outer;;0.441;163.856;0.20005161861895498;162.97575002784617;operator
Q10_135_seed_1099340154;19872;Index Scan;7;Inner;;0.06;0.062;0.05607278279962953;0.06130194055731019;operator
Q10_135_seed_1099340154;19874;Seq Scan;7;Outer;;0.027;28.771;0.2058318816781986;27.02364662623208;operator
Q10_135_seed_1099340154;19870;Nested Loop;6;Outer;;0.645;1040.919;0.6151358915552638;1005.9889999960253;pattern
Q10_135_seed_1099340154;19873;Hash;6;Inner;;36.998;36.999;32.31766644175238;32.3192406406809;operator
Q10_135_seed_1099340154;19876;Seq Scan;6;Outer;;0.009;0.01;0.05182032088445343;3.318337216688235;operator
Q10_135_seed_1099340154;19869;Hash Join;5;Outer;;38.878;1089.113;50.37642747740988;1124.9995998686295;pattern
Q10_135_seed_1099340154;19875;Hash;5;Inner;;0.014;0.014;10.402055745812149;10.402324494838766;operator
Q10_135_seed_1099340154;19868;Hash Join;4;Outer;;38.959;1091.896;30.284851570867815;639.5591620377303;pattern
Q10_135_seed_1099340154;19867;Gather;3;Outer;;40.4;1086.991;614.9181301995837;989.57550838885;operator
Q10_135_seed_1099340154;19866;Aggregate;2;Outer;;1129.185;1138.614;1004.2131375120694;1010.5710008469366;pattern
Q10_135_seed_1099340154;19865;Sort;1;Outer;;1141.272;1142.029;1179.6719205604877;1181.5078177014093;pattern
Q10_135_seed_1099340154;19864;Limit;0;;;1141.273;1142.031;1172.0280484412658;1172.8864981367353;pattern
Q10_139_seed_1132156278;19923;Seq Scan;7;Outer;;0.278;159.593;0.20021030206569695;162.9563185119651;operator
Q10_139_seed_1132156278;19924;Index Scan;7;Inner;;0.06;0.062;0.05607278279962953;0.06130194055731019;operator
Q10_139_seed_1132156278;19926;Seq Scan;7;Outer;;0.046;27.373;0.2058318816781986;27.02364662623208;operator
Q10_139_seed_1132156278;19922;Nested Loop;6;Outer;;0.613;1057.305;0.6161011889589183;1005.9889999960253;pattern
Q10_139_seed_1132156278;19925;Hash;6;Inner;;35.061;35.062;32.31766644175238;32.3192406406809;operator
Q10_139_seed_1132156278;19928;Seq Scan;6;Outer;;0.011;0.012;0.05182032088445343;3.318337216688235;operator
Q10_139_seed_1132156278;19921;Hash Join;5;Outer;;35.837;1102.779;50.37642747740988;1124.9995998686295;pattern
Q10_139_seed_1132156278;19927;Hash;5;Inner;;0.016;0.016;10.402055745812149;10.402324494838766;operator
Q10_139_seed_1132156278;19920;Hash Join;4;Outer;;35.921;1105.69;30.284851570867815;639.5591620377303;pattern
Q10_139_seed_1132156278;19919;Gather;3;Outer;;37.851;1103.826;614.4251729169806;990.4063517875283;operator
Q10_139_seed_1132156278;19918;Aggregate;2;Outer;;1145.922;1155.49;1004.2131375120694;1010.5710008469366;pattern
Q10_139_seed_1132156278;19917;Sort;1;Outer;;1158.249;1158.991;1179.881212798442;1181.7201112372818;pattern
Q10_139_seed_1132156278;19916;Limit;0;;;1158.25;1158.993;1172.0280484412658;1172.8864981367353;pattern
Q10_140_seed_1140360309;19949;Seq Scan;7;Outer;;0.27;160.375;0.20021030206569695;162.9563185119651;operator
Q10_140_seed_1140360309;19950;Index Scan;7;Inner;;0.06;0.063;0.05607278279962953;0.06130194055731019;operator
Q10_140_seed_1140360309;19952;Seq Scan;7;Outer;;0.034;25.417;0.2058318816781986;27.02364662623208;operator
Q10_140_seed_1140360309;19948;Nested Loop;6;Outer;;0.5;1050.788;0.6161011889589183;1005.9889999960253;pattern
Q10_140_seed_1140360309;19951;Hash;6;Inner;;34.919;34.919;32.31766644175238;32.3192406406809;operator
Q10_140_seed_1140360309;19954;Seq Scan;6;Outer;;0.01;0.011;0.05182032088445343;3.318337216688235;operator
Q10_140_seed_1140360309;19947;Hash Join;5;Outer;;35.894;1096.213;50.37642747740988;1124.9995998686295;pattern
Q10_140_seed_1140360309;19953;Hash;5;Inner;;0.016;0.016;10.402055745812149;10.402324494838766;operator
Q10_140_seed_1140360309;19946;Hash Join;4;Outer;;35.968;1099.058;30.284851570867815;639.5591620377303;pattern
Q10_140_seed_1140360309;19945;Gather;3;Outer;;38.006;1104.155;614.4251729169806;990.4063517875283;operator
Q10_140_seed_1140360309;19944;Aggregate;2;Outer;;1148.684;1158.01;1004.2131375120694;1010.5710008469366;pattern
Q10_140_seed_1140360309;19943;Sort;1;Outer;;1160.732;1161.494;1179.881212798442;1181.7201112372818;pattern
Q10_140_seed_1140360309;19942;Limit;0;;;1160.733;1161.496;1172.0280484412658;1172.8864981367353;pattern
Q10_142_seed_1156768371;19975;Seq Scan;7;Outer;;0.163;158.893;0.20008377112578846;162.97181081249536;operator
Q10_142_seed_1156768371;19976;Index Scan;7;Inner;;0.062;0.065;0.05607278279962953;0.06130194055731019;operator
Q10_142_seed_1156768371;19978;Seq Scan;7;Outer;;0.151;29.297;0.2058318816781986;27.02364662623208;operator
Q10_142_seed_1156768371;19974;Nested Loop;6;Outer;;0.292;1065.457;0.6153172048216833;1005.9889999960253;pattern
Q10_142_seed_1156768371;19977;Hash;6;Inner;;37.277;37.277;32.31766644175238;32.3192406406809;operator
Q10_142_seed_1156768371;19980;Seq Scan;6;Outer;;0.011;0.012;0.05182032088445343;3.318337216688235;operator
Q10_142_seed_1156768371;19973;Hash Join;5;Outer;;38.437;1113.526;50.37642747740988;1124.9995998686295;pattern
Q10_142_seed_1156768371;19979;Hash;5;Inner;;0.016;0.016;10.402055745812149;10.402324494838766;operator
Q10_142_seed_1156768371;19972;Hash Join;4;Outer;;38.522;1116.33;30.284851570867815;639.5591620377303;pattern
Q10_142_seed_1156768371;19971;Gather;3;Outer;;40.296;1112.745;614.8180256878333;989.7436326078846;operator
Q10_142_seed_1156768371;19970;Aggregate;2;Outer;;1154.119;1163.355;1004.2131375120694;1010.5710008469366;pattern
Q10_142_seed_1156768371;19969;Sort;1;Outer;;1165.853;1166.587;1179.714349468412;1181.5508558544916;pattern
Q10_142_seed_1156768371;19968;Limit;0;;;1165.854;1166.588;1172.0280484412658;1172.8864981367353;pattern
Q10_148_seed_1205992557;20053;Seq Scan;7;Outer;;0.266;167.006;0.2001959226001328;162.95807832981717;operator
Q10_148_seed_1205992557;20054;Index Scan;7;Inner;;0.059;0.061;0.05607278279962953;0.06130194055731019;operator
Q10_148_seed_1205992557;20056;Seq Scan;7;Outer;;0.012;26.413;0.2058318816781986;27.02364662623208;operator
Q10_148_seed_1205992557;20052;Nested Loop;6;Outer;;0.505;1044.897;0.616006009128526;1005.9889999960253;pattern
Q10_148_seed_1205992557;20055;Hash;6;Inner;;34.102;34.103;32.31766644175238;32.3192406406809;operator
Q10_148_seed_1205992557;20058;Seq Scan;6;Outer;;0.011;0.012;0.05182032088445343;3.318337216688235;operator
Q10_148_seed_1205992557;20051;Hash Join;5;Outer;;34.763;1089.428;50.37642747740988;1124.9995998686295;pattern
Q10_148_seed_1205992557;20057;Hash;5;Inner;;0.016;0.016;10.402055745812149;10.402324494838766;operator
Q10_148_seed_1205992557;20050;Hash Join;4;Outer;;34.835;1092.329;30.284851570867815;639.5591620377303;pattern
Q10_148_seed_1205992557;20049;Gather;3;Outer;;37.404;1087.704;614.4694462252007;990.3314327817224;operator
Q10_148_seed_1205992557;20048;Aggregate;2;Outer;;1131.588;1141.087;1004.2131375120694;1010.5710008469366;pattern
Q10_148_seed_1205992557;20047;Sort;1;Outer;;1143.618;1144.403;1179.8622173714962;1181.7008438217563;pattern
Q10_148_seed_1205992557;20046;Limit;0;;;1143.619;1144.405;1172.0280484412658;1172.8864981367353;pattern
Q10_150_seed_1231235959;20092;Seq Scan;7;Outer;;0.117;162.818;0.20013736144867356;162.96524736493419;operator
Q10_150_seed_1231235959;20093;Index Scan;7;Inner;;0.06;0.062;0.05607278279962953;0.06130194055731019;operator
Q10_150_seed_1231235959;20095;Seq Scan;7;Outer;;0.015;28.243;0.2058318816781986;27.02364662623208;operator
Q10_150_seed_1231235959;20091;Nested Loop;6;Outer;;0.416;1051.622;0.615635842140982;1005.9889999960253;pattern
Q10_150_seed_1231235959;20094;Hash;6;Inner;;38.115;38.115;32.31766644175238;32.3192406406809;operator
Q10_150_seed_1231235959;20097;Seq Scan;6;Outer;;0.01;0.01;0.05182032088445343;3.318337216688235;operator
Q10_150_seed_1231235959;20090;Hash Join;5;Outer;;40.758;1102.085;50.37642747740988;1124.9995998686295;pattern
Q10_150_seed_1231235959;20096;Hash;5;Inner;;0.014;0.015;10.402055745812149;10.402324494838766;operator
Q10_150_seed_1231235959;20089;Hash Join;4;Outer;;40.868;1105.015;30.284851570867815;639.5591620377303;pattern
Q10_150_seed_1231235959;20088;Gather;3;Outer;;45.252;1107.286;614.65149898317;990.0239844754493;operator
Q10_150_seed_1231235959;20087;Aggregate;2;Outer;;1149.112;1159.061;1004.2131375120694;1010.5710008469366;pattern
Q10_150_seed_1231235959;20086;Sort;1;Outer;;1161.813;1162.61;1179.7850650236917;1181.62258591744;pattern
Q10_150_seed_1231235959;20085;Limit;0;;;1161.813;1162.611;1172.0280484412658;1172.8864981367353;pattern
Q10_19_seed_147672558;20157;Seq Scan;7;Outer;;0.294;161.734;0.20010128562667184;162.96966542289323;operator
Q10_19_seed_147672558;20158;Index Scan;7;Inner;;0.059;0.062;0.05607278279962953;0.06130194055731019;operator
Q10_19_seed_147672558;20160;Seq Scan;7;Outer;;0.027;25.532;0.2058318816781986;27.02364662623208;operator
Q10_19_seed_147672558;20156;Nested Loop;6;Outer;;0.605;1049.57;0.6154195323261922;1005.9889999960253;pattern
Q10_19_seed_147672558;20159;Hash;6;Inner;;33.105;33.105;32.31766644175238;32.3192406406809;operator
Q10_19_seed_147672558;20162;Seq Scan;6;Outer;;0.011;0.012;0.05182032088445343;3.318337216688235;operator
Q10_19_seed_147672558;20155;Hash Join;5;Outer;;34.103;1093.429;50.37642747740988;1124.9995998686295;pattern
Q10_19_seed_147672558;20161;Hash;5;Inner;;0.017;0.017;10.402055745812149;10.402324494838766;operator
Q10_19_seed_147672558;20154;Hash Join;4;Outer;;34.188;1096.317;30.284851570867815;639.5591620377303;pattern
Q10_19_seed_147672558;20153;Gather;3;Outer;;37.467;1089.246;614.763878362766;989.8346989299208;operator
Q10_19_seed_147672558;20152;Aggregate;2;Outer;;1132.457;1142.559;1004.2131375120694;1010.5710008469366;pattern
Q10_19_seed_147672558;20151;Sort;1;Outer;;1145.974;1146.756;1179.737525514351;1181.5743645166376;pattern
Q10_19_seed_147672558;20150;Limit;0;;;1145.975;1146.758;1172.0280484412658;1172.8864981367353;pattern
Q10_21_seed_164080620;20196;Seq Scan;7;Outer;;0.356;164.496;0.20021030206569695;162.9563185119651;operator
Q10_21_seed_164080620;20197;Index Scan;7;Inner;;0.061;0.064;0.05607278279962953;0.06130194055731019;operator
Q10_21_seed_164080620;20199;Seq Scan;7;Outer;;0.013;25.978;0.2058318816781986;27.02364662623208;operator
Q10_21_seed_164080620;20195;Nested Loop;6;Outer;;1.403;1081.479;0.6161011889589183;1005.9889999960253;pattern
Q10_21_seed_164080620;20198;Hash;6;Inner;;33.92;33.921;32.31766644175238;32.3192406406809;operator
Q10_21_seed_164080620;20201;Seq Scan;6;Outer;;0.01;0.011;0.05182032088445343;3.318337216688235;operator
Q10_21_seed_164080620;20194;Hash Join;5;Outer;;36.534;1127.024;50.37642747740988;1124.9995998686295;pattern
Q10_21_seed_164080620;20200;Hash;5;Inner;;0.016;0.016;10.402055745812149;10.402324494838766;operator
Q10_21_seed_164080620;20193;Hash Join;4;Outer;;36.639;1129.921;30.284851570867815;639.5591620377303;pattern
Q10_21_seed_164080620;20192;Gather;3;Outer;;37.969;1118.809;614.4251729169806;990.4063517875283;operator
Q10_21_seed_164080620;20191;Aggregate;2;Outer;;1164.025;1173.414;1004.2131375120694;1010.5710008469366;pattern
Q10_21_seed_164080620;20190;Sort;1;Outer;;1175.802;1176.595;1179.881212798442;1181.7201112372818;pattern
Q10_21_seed_164080620;20189;Limit;0;;;1175.803;1176.597;1172.0280484412658;1172.8864981367353;pattern
Q10_22_seed_172284651;20209;Seq Scan;7;Outer;;0.435;162.68;0.20034652630414762;162.93965677167154;operator
Q10_22_seed_172284651;20210;Index Scan;7;Inner;;0.059;0.061;0.05607278279962953;0.06130194055731019;operator
Q10_22_seed_172284651;20212;Seq Scan;7;Outer;;0.012;30.603;0.2058318816781986;27.02364662623208;operator
Q10_22_seed_172284651;20208;Nested Loop;6;Outer;;0.686;1047.229;0.6170720885193832;1005.9889999960253;pattern
Q10_22_seed_172284651;20211;Hash;6;Inner;;38.823;38.823;32.31766644175238;32.3192406406809;operator
Q10_22_seed_172284651;20214;Seq Scan;6;Outer;;0.018;0.019;0.05182032088445343;3.318337216688235;operator
Q10_22_seed_172284651;20207;Hash Join;5;Outer;;40.35;1097.201;50.37642747740988;1124.9995998686295;pattern
Q10_22_seed_172284651;20213;Hash;5;Inner;;0.028;0.028;10.402055745812149;10.402324494838766;operator
Q10_22_seed_172284651;20206;Hash Join;4;Outer;;40.438;1100.147;30.284851570867815;639.5591620377303;pattern
Q10_22_seed_172284651;20205;Gather;3;Outer;;43.004;1093.386;614.0023195496801;991.1248606812928;operator
Q10_22_seed_172284651;20204;Aggregate;2;Outer;;1138.095;1147.93;1004.2131375120694;1010.5710008469366;pattern
Q10_22_seed_172284651;20203;Sort;1;Outer;;1151.238;1152.0;1180.0609591247908;1181.902427255764;pattern
Q10_22_seed_172284651;20202;Limit;0;;;1151.238;1152.001;1172.0280484412658;1172.8864981367353;pattern
Q10_24_seed_188692713;20235;Seq Scan;7;Outer;;0.351;163.686;0.20008377112578846;162.97181081249536;operator
Q10_24_seed_188692713;20236;Index Scan;7;Inner;;0.062;0.064;0.05607278279962953;0.06130194055731019;operator
Q10_24_seed_188692713;20238;Seq Scan;7;Outer;;0.013;24.881;0.2058318816781986;27.02364662623208;operator
Q10_24_seed_188692713;20234;Nested Loop;6;Outer;;0.559;1064.146;0.6153172048216833;1005.9889999960253;pattern
Q10_24_seed_188692713;20237;Hash;6;Inner;;36.924;36.927;32.31766644175238;32.3192406406809;operator
Q10_24_seed_188692713;20240;Seq Scan;6;Outer;;0.014;0.015;0.05182032088445343;3.318337216688235;operator
Q10_24_seed_188692713;20233;Hash Join;5;Outer;;38.599;1112.34;50.37642747740988;1124.9995998686295;pattern
Q10_24_seed_188692713;20239;Hash;5;Inner;;0.019;0.019;10.402055745812149;10.402324494838766;operator
Q10_24_seed_188692713;20232;Hash Join;4;Outer;;38.684;1115.307;30.284851570867815;639.5591620377303;pattern
Q10_24_seed_188692713;20231;Gather;3;Outer;;43.76;1106.188;614.8180256878333;989.7436326078846;operator
Q10_24_seed_188692713;20230;Aggregate;2;Outer;;1148.785;1158.395;1004.2131375120694;1010.5710008469366;pattern
Q10_24_seed_188692713;20229;Sort;1;Outer;;1161.541;1162.314;1179.714349468412;1181.5508558544916;pattern
Q10_24_seed_188692713;20228;Limit;0;;;1161.542;1162.316;1172.0280484412658;1172.8864981367353;pattern
Q10_30_seed_237916899;20326;Seq Scan;7;Outer;;0.08;159.228;0.2001297801682403;162.96617570754142;operator
Q10_30_seed_237916899;20327;Index Scan;7;Inner;;0.061;0.064;0.05607278279962953;0.06130194055731019;operator
Q10_30_seed_237916899;20329;Seq Scan;7;Outer;;0.017;24.721;0.2058318816781986;27.02364662623208;operator
Q10_30_seed_237916899;20325;Nested Loop;6;Outer;;0.497;1046.832;0.6155882408408866;1005.9889999960253;pattern
Q10_30_seed_237916899;20328;Hash;6;Inner;;34.287;34.288;32.31766644175238;32.3192406406809;operator
Q10_30_seed_237916899;20331;Seq Scan;6;Outer;;0.014;0.015;0.05182032088445343;3.318337216688235;operator
Q10_30_seed_237916899;20324;Hash Join;5;Outer;;36.869;1093.079;50.37642747740988;1124.9995998686295;pattern
Q10_30_seed_237916899;20330;Hash;5;Inner;;0.019;0.019;10.402055745812149;10.402324494838766;operator
Q10_30_seed_237916899;20323;Hash Join;4;Outer;;36.957;1095.876;30.284851570867815;639.5591620377303;pattern
Q10_30_seed_237916899;20322;Gather;3;Outer;;40.427;1086.152;614.6752853442546;989.9838882129781;operator
Q10_30_seed_237916899;20321;Aggregate;2;Outer;;1127.717;1137.072;1004.2131375120694;1010.5710008469366;pattern
Q10_30_seed_237916899;20320;Sort;1;Outer;;1140.066;1140.854;1179.774911679518;1181.6122869801006;pattern
Q10_30_seed_237916899;20319;Limit;0;;;1140.068;1140.856;1172.0280484412658;1172.8864981367353;pattern
Q10_31_seed_246120930;20339;Seq Scan;7;Outer;;0.408;163.593;0.20003933304254828;162.97725548358318;operator
Q10_31_seed_246120930;20340;Index Scan;7;Inner;;0.06;0.062;0.05607278279962953;0.06130194055731019;operator
Q10_31_seed_246120930;20342;Seq Scan;7;Outer;;0.011;27.994;0.2058318816781986;27.02364662623208;operator
Q10_31_seed_246120930;20338;Nested Loop;6;Outer;;1.032;1047.816;0.6150694448138605;1005.9889999960253;pattern
Q10_31_seed_246120930;20341;Hash;6;Inner;;35.226;35.227;32.31766644175238;32.3192406406809;operator
Q10_31_seed_246120930;20344;Seq Scan;6;Outer;;0.01;0.011;0.05182032088445343;3.318337216688235;operator
Q10_31_seed_246120930;20337;Hash Join;5;Outer;;36.725;1093.013;50.37642747740988;1124.9995998686295;pattern
Q10_31_seed_246120930;20343;Hash;5;Inner;;0.014;0.014;10.402055745812149;10.402324494838766;operator
Q10_31_seed_246120930;20336;Hash Join;4;Outer;;36.797;1095.583;30.284851570867815;639.5591620377303;pattern
Q10_31_seed_246120930;20335;Gather;3;Outer;;38.864;1084.356;614.9566998265872;989.5108123883383;operator
Q10_31_seed_246120930;20334;Aggregate;2;Outer;;1123.097;1132.644;1004.2131375120694;1010.5710008469366;pattern
Q10_31_seed_246120930;20333;Sort;1;Outer;;1135.181;1135.944;1179.6558021304145;1181.491467715912;pattern
Q10_31_seed_246120930;20332;Limit;0;;;1135.182;1135.946;1172.0280484412658;1172.8864981367353;pattern
Q10_33_seed_262528992;20365;Seq Scan;7;Outer;;0.071;160.111;0.20012063043902978;162.96729618471264;operator
Q10_33_seed_262528992;20366;Index Scan;7;Inner;;0.059;0.062;0.05607278279962953;0.06130194055731019;operator
Q10_33_seed_262528992;20368;Seq Scan;7;Outer;;0.063;25.171;0.2058318816781986;27.02364662623208;operator
Q10_33_seed_262528992;20364;Nested Loop;6;Outer;;0.301;1034.869;0.6155326272250772;1005.9889999960253;pattern
Q10_33_seed_262528992;20367;Hash;6;Inner;;33.159;33.159;32.31766644175238;32.3192406406809;operator
Q10_33_seed_262528992;20370;Seq Scan;6;Outer;;0.008;0.009;0.05182032088445343;3.318337216688235;operator
Q10_33_seed_262528992;20363;Hash Join;5;Outer;;36.402;1080.898;50.37642747740988;1124.9995998686295;pattern
Q10_33_seed_262528992;20369;Hash;5;Inner;;0.013;0.013;10.402055745812149;10.402324494838766;operator
Q10_33_seed_262528992;20362;Hash Join;4;Outer;;36.478;1083.936;30.284851570867815;639.5591620377303;pattern
Q10_33_seed_262528992;20361;Gather;3;Outer;;38.17;1082.749;614.7031741589884;989.9368982835023;operator
Q10_33_seed_262528992;20360;Aggregate;2;Outer;;1125.679;1135.484;1004.2131375120694;1010.5710008469366;pattern
Q10_33_seed_262528992;20359;Sort;1;Outer;;1138.279;1139.073;1179.762805747557;1181.6000074253627;pattern
Q10_33_seed_262528992;20358;Limit;0;;;1138.28;1139.074;1172.0280484412658;1172.8864981367353;pattern
Q10_36_seed_287141085;20404;Seq Scan;7;Outer;;0.171;174.899;0.20021030206569695;162.9563185119651;operator
Q10_36_seed_287141085;20405;Index Scan;7;Inner;;0.065;0.067;0.05607278279962953;0.06130194055731019;operator
Q10_36_seed_287141085;20407;Seq Scan;7;Outer;;0.315;29.224;0.2058318816781986;27.02364662623208;operator
Q10_36_seed_287141085;20403;Nested Loop;6;Outer;;0.334;1143.644;0.6161011889589183;1005.9889999960253;pattern
Q10_36_seed_287141085;20406;Hash;6;Inner;;37.463;37.463;32.31766644175238;32.3192406406809;operator
Q10_36_seed_287141085;20409;Seq Scan;6;Outer;;0.008;0.009;0.05182032088445343;3.318337216688235;operator
Q10_36_seed_287141085;20402;Hash Join;5;Outer;;40.121;1193.892;50.37642747740988;1124.9995998686295;pattern
Q10_36_seed_287141085;20408;Hash;5;Inner;;0.013;0.013;10.402055745812149;10.402324494838766;operator
Q10_36_seed_287141085;20401;Hash Join;4;Outer;;40.203;1196.737;30.284851570867815;639.5591620377303;pattern
Q10_36_seed_287141085;20400;Gather;3;Outer;;40.249;1189.172;614.4251729169806;990.4063517875283;operator
Q10_36_seed_287141085;20399;Aggregate;2;Outer;;1231.812;1241.377;1004.2131375120694;1010.5710008469366;pattern
Q10_36_seed_287141085;20398;Sort;1;Outer;;1243.866;1244.67;1179.881212798442;1181.7201112372818;pattern
Q10_36_seed_287141085;20397;Limit;0;;;1243.867;1244.672;1172.0280484412658;1172.8864981367353;pattern
Q10_52_seed_418405581;20638;Seq Scan;7;Outer;;0.071;158.154;0.20034652630414762;162.93965677167154;operator
Q10_52_seed_418405581;20639;Index Scan;7;Inner;;0.06;0.062;0.05607278279962953;0.06130194055731019;operator
Q10_52_seed_418405581;20641;Seq Scan;7;Outer;;0.178;34.046;0.2058318816781986;27.02364662623208;operator
Q10_52_seed_418405581;20637;Nested Loop;6;Outer;;0.29;1057.959;0.6170720885193832;1005.9889999960253;pattern
Q10_52_seed_418405581;20640;Hash;6;Inner;;42.232;42.232;32.31766644175238;32.3192406406809;operator
Q10_52_seed_418405581;20643;Seq Scan;6;Outer;;0.01;0.011;0.05182032088445343;3.318337216688235;operator
Q10_52_seed_418405581;20636;Hash Join;5;Outer;;45.074;1113.764;50.37642747740988;1124.9995998686295;pattern
Q10_52_seed_418405581;20642;Hash;5;Inner;;0.015;0.015;10.402055745812149;10.402324494838766;operator
Q10_52_seed_418405581;20635;Hash Join;4;Outer;;45.156;1116.649;30.284851570867815;639.5591620377303;pattern
Q10_52_seed_418405581;20634;Gather;3;Outer;;46.748;1108.289;614.0023195496801;991.1248606812928;operator
Q10_52_seed_418405581;20633;Aggregate;2;Outer;;1151.231;1160.908;1004.2131375120694;1010.5710008469366;pattern
Q10_52_seed_418405581;20632;Sort;1;Outer;;1163.568;1164.349;1180.0609591247908;1181.902427255764;pattern
Q10_52_seed_418405581;20631;Limit;0;;;1163.569;1164.351;1172.0280484412658;1172.8864981367353;pattern
Q10_57_seed_459425736;20703;Seq Scan;7;Outer;;0.28;160.666;0.20017030159955262;162.96121443159944;operator
Q10_57_seed_459425736;20704;Index Scan;7;Inner;;0.058;0.061;0.05607278279962953;0.06130194055731019;operator
Q10_57_seed_459425736;20706;Seq Scan;7;Outer;;0.015;27.213;0.2058318816781986;27.02364662623208;operator
Q10_57_seed_459425736;20702;Nested Loop;6;Outer;;0.622;1031.888;0.6158407375824959;1005.9889999960253;pattern
Q10_57_seed_459425736;20705;Hash;6;Inner;;35.344;35.347;32.31766644175238;32.3192406406809;operator
Q10_57_seed_459425736;20708;Seq Scan;6;Outer;;0.012;0.013;0.05182032088445343;3.318337216688235;operator
Q10_57_seed_459425736;20701;Hash Join;5;Outer;;36.111;1077.671;50.37642747740988;1124.9995998686295;pattern
Q10_57_seed_459425736;20707;Hash;5;Inner;;0.017;0.017;10.402055745812149;10.402324494838766;operator
Q10_57_seed_459425736;20700;Hash Join;4;Outer;;36.214;1080.655;30.284851570867815;639.5591620377303;pattern
Q10_57_seed_459425736;20699;Gather;3;Outer;;39.157;1077.866;614.5489839046453;990.1969877512719;operator
Q10_57_seed_459425736;20698;Aggregate;2;Outer;;1128.175;1138.084;1004.2131375120694;1010.5710008469366;pattern
Q10_57_seed_459425736;20697;Sort;1;Outer;;1140.64;1141.466;1179.8284240898213;1181.6665664644954;pattern
Q10_57_seed_459425736;20696;Limit;0;;;1140.641;1141.468;1172.0280484412658;1172.8864981367353;pattern
Q10_62_seed_500445891;20781;Seq Scan;7;Outer;;0.366;159.83;0.20019513827254692;162.9581743248278;operator
Q10_62_seed_500445891;20782;Index Scan;7;Inner;;0.061;0.063;0.05607278279962953;0.06130194055731019;operator
Q10_62_seed_500445891;20784;Seq Scan;7;Outer;;0.103;27.292;0.2058318816781986;27.02364662623208;operator
Q10_62_seed_500445891;20780;Nested Loop;6;Outer;;0.612;1068.286;0.6160015711490061;1005.9889999960253;pattern
Q10_62_seed_500445891;20783;Hash;6;Inner;;34.581;34.581;32.31766644175238;32.3192406406809;operator
Q10_62_seed_500445891;20786;Seq Scan;6;Outer;;0.011;0.012;0.05182032088445343;3.318337216688235;operator
Q10_62_seed_500445891;20779;Hash Join;5;Outer;;35.354;1113.361;50.37642747740988;1124.9995998686295;pattern
Q10_62_seed_500445891;20785;Hash;5;Inner;;0.016;0.016;10.402055745812149;10.402324494838766;operator
Q10_62_seed_500445891;20778;Hash Join;4;Outer;;35.467;1116.31;30.284851570867815;639.5591620377303;pattern
Q10_62_seed_500445891;20777;Gather;3;Outer;;37.729;1115.169;614.4719059673259;990.3272721499948;operator
Q10_62_seed_500445891;20776;Aggregate;2;Outer;;1157.758;1167.948;1004.2131375120694;1010.5710008469366;pattern
Q10_62_seed_500445891;20775;Sort;1;Outer;;1170.665;1171.459;1179.8612609537536;1181.6998737072581;pattern
Q10_62_seed_500445891;20774;Limit;0;;;1170.666;1171.46;1172.0280484412658;1172.8864981367353;pattern
Q10_66_seed_533262015;20833;Seq Scan;7;Outer;;0.349;167.429;0.20021030206569695;162.9563185119651;operator
Q10_66_seed_533262015;20834;Index Scan;7;Inner;;0.06;0.062;0.05607278279962953;0.06130194055731019;operator
Q10_66_seed_533262015;20836;Seq Scan;7;Outer;;0.098;26.983;0.2058318816781986;27.02364662623208;operator
Q10_66_seed_533262015;20832;Nested Loop;6;Outer;;1.086;1052.559;0.6161011889589183;1005.9889999960253;pattern
Q10_66_seed_533262015;20835;Hash;6;Inner;;37.411;37.411;32.31766644175238;32.3192406406809;operator
Q10_66_seed_533262015;20838;Seq Scan;6;Outer;;0.015;0.016;0.05182032088445343;3.318337216688235;operator
Q10_66_seed_533262015;20831;Hash Join;5;Outer;;40.035;1101.68;50.37642747740988;1124.9995998686295;pattern
Q10_66_seed_533262015;20837;Hash;5;Inner;;0.019;0.019;10.402055745812149;10.402324494838766;operator
Q10_66_seed_533262015;20830;Hash Join;4;Outer;;40.121;1104.677;30.284851570867815;639.5591620377303;pattern
Q10_66_seed_533262015;20829;Gather;3;Outer;;39.811;1094.304;614.4251729169806;990.4063517875283;operator
Q10_66_seed_533262015;20828;Aggregate;2;Outer;;1137.982;1147.48;1004.2131375120694;1010.5710008469366;pattern
Q10_66_seed_533262015;20827;Sort;1;Outer;;1149.99;1150.794;1179.881212798442;1181.7201112372818;pattern
Q10_66_seed_533262015;20826;Limit;0;;;1149.991;1150.795;1172.0280484412658;1172.8864981367353;pattern
Q10_71_seed_574282170;20911;Seq Scan;7;Outer;;0.28;166.994;0.20019539971322975;162.95814232642942;operator
Q10_71_seed_574282170;20912;Index Scan;7;Inner;;0.059;0.062;0.05607278279962953;0.06130194055731019;operator
Q10_71_seed_574282170;20914;Seq Scan;7;Outer;;0.119;27.056;0.2058318816781986;27.02364662623208;operator
Q10_71_seed_574282170;20910;Nested Loop;6;Outer;;0.617;1057.472;0.6160030318414735;1005.9889999960253;pattern
Q10_71_seed_574282170;20913;Hash;6;Inner;;35.495;35.496;32.31766644175238;32.3192406406809;operator
Q10_71_seed_574282170;20916;Seq Scan;6;Outer;;0.01;0.011;0.05182032088445343;3.318337216688235;operator
Q10_71_seed_574282170;20909;Hash Join;5;Outer;;36.297;1103.406;50.37642747740988;1124.9995998686295;pattern
Q10_71_seed_574282170;20915;Hash;5;Inner;;0.015;0.015;10.402055745812149;10.402324494838766;operator
Q10_71_seed_574282170;20908;Hash Join;4;Outer;;36.395;1106.3;30.284851570867815;639.5591620377303;pattern
Q10_71_seed_574282170;20907;Gather;3;Outer;;38.819;1099.927;614.4710860519567;990.3286590092648;operator
Q10_71_seed_574282170;20906;Aggregate;2;Outer;;1142.687;1152.338;1004.2131375120694;1010.5710008469366;pattern
Q10_71_seed_574282170;20905;Sort;1;Outer;;1155.059;1155.835;1179.8615663625174;1181.7001834897703;pattern
Q10_71_seed_574282170;20904;Limit;0;;;1155.061;1155.837;1172.0280484412658;1172.8864981367353;pattern
Q10_74_seed_598894263;20950;Seq Scan;7;Outer;;0.217;159.071;0.2001959226001328;162.95807832981717;operator
Q10_74_seed_598894263;20951;Index Scan;7;Inner;;0.06;0.062;0.05607278279962953;0.06130194055731019;operator
Q10_74_seed_598894263;20953;Seq Scan;7;Outer;;0.081;30.684;0.2058318816781986;27.02364662623208;operator
Q10_74_seed_598894263;20949;Nested Loop;6;Outer;;0.351;1048.794;0.616006009128526;1005.9889999960253;pattern
Q10_74_seed_598894263;20952;Hash;6;Inner;;38.191;38.191;32.31766644175238;32.3192406406809;operator
Q10_74_seed_598894263;20955;Seq Scan;6;Outer;;0.014;0.015;0.05182032088445343;3.318337216688235;operator
Q10_74_seed_598894263;20948;Hash Join;5;Outer;;39.597;1098.101;50.37642747740988;1124.9995998686295;pattern
Q10_74_seed_598894263;20954;Hash;5;Inner;;0.019;0.019;10.402055745812149;10.402324494838766;operator
Q10_74_seed_598894263;20947;Hash Join;4;Outer;;39.681;1101.504;30.284851570867815;639.5591620377303;pattern
Q10_74_seed_598894263;20946;Gather;3;Outer;;41.093;1101.009;614.4694462252007;990.3314327817224;operator
Q10_74_seed_598894263;20945;Aggregate;2;Outer;;1142.805;1152.292;1004.2131375120694;1010.5710008469366;pattern
Q10_74_seed_598894263;20944;Sort;1;Outer;;1154.992;1155.864;1179.8622173714962;1181.7008438217563;pattern
Q10_74_seed_598894263;20943;Limit;0;;;1154.993;1155.865;1172.0280484412658;1172.8864981367353;pattern
Q10_79_seed_639914418;21015;Seq Scan;7;Outer;;0.291;161.539;0.200150694212974;162.96361487840596;operator
Q10_79_seed_639914418;21016;Index Scan;7;Inner;;0.058;0.061;0.05607278279962953;0.06130194055731019;operator
Q10_79_seed_639914418;21018;Seq Scan;7;Outer;;0.014;28.496;0.2058318816781986;27.02364662623208;operator
Q10_79_seed_639914418;21014;Nested Loop;6;Outer;;0.554;1038.794;0.6157176302028526;1005.9889999960253;pattern
Q10_79_seed_639914418;21017;Hash;6;Inner;;35.362;35.362;32.31766644175238;32.3192406406809;operator
Q10_79_seed_639914418;21020;Seq Scan;6;Outer;;0.01;0.011;0.05182032088445343;3.318337216688235;operator
Q10_79_seed_639914418;21013;Hash Join;5;Outer;;36.103;1084.671;50.37642747740988;1124.9995998686295;pattern
Q10_79_seed_639914418;21019;Hash;5;Inner;;0.023;0.023;10.402055745812149;10.402324494838766;operator
Q10_79_seed_639914418;21012;Hash Join;4;Outer;;36.203;1087.581;30.284851570867815;639.5591620377303;pattern
Q10_79_seed_639914418;21011;Gather;3;Outer;;38.357;1079.719;614.6096703997216;990.0945356330939;operator
Q10_79_seed_639914418;21010;Aggregate;2;Outer;;1122.354;1132.422;1004.2131375120694;1010.5710008469366;pattern
Q10_79_seed_639914418;21009;Sort;1;Outer;;1135.103;1135.909;1179.802610801266;1181.6403832362748;pattern
Q10_79_seed_639914418;21008;Limit;0;;;1135.104;1135.911;1172.0280484412658;1172.8864981367353;pattern
Q10_7_seed_49224186;21028;Seq Scan;7;Outer;;0.3;165.104;0.20021030206569695;162.9563185119651;operator
Q10_7_seed_49224186;21029;Index Scan;7;Inner;;0.059;0.062;0.05607278279962953;0.06130194055731019;operator
Q10_7_seed_49224186;21031;Seq Scan;7;Outer;;0.069;27.819;0.2058318816781986;27.02364662623208;operator
Q10_7_seed_49224186;21027;Nested Loop;6;Outer;;0.541;1040.669;0.6161011889589183;1005.9889999960253;pattern
Q10_7_seed_49224186;21030;Hash;6;Inner;;34.472;34.473;32.31766644175238;32.3192406406809;operator
Q10_7_seed_49224186;21033;Seq Scan;6;Outer;;0.008;0.01;0.05182032088445343;3.318337216688235;operator
Q10_7_seed_49224186;21026;Hash Join;5;Outer;;35.172;1085.748;50.37642747740988;1124.9995998686295;pattern
Q10_7_seed_49224186;21032;Hash;5;Inner;;0.014;0.014;10.402055745812149;10.402324494838766;operator
Q10_7_seed_49224186;21025;Hash Join;4;Outer;;35.246;1088.598;30.284851570867815;639.5591620377303;pattern
Q10_7_seed_49224186;21024;Gather;3;Outer;;37.154;1076.201;614.4251729169806;990.4063517875283;operator
Q10_7_seed_49224186;21023;Aggregate;2;Outer;;1118.569;1128.349;1004.2131375120694;1010.5710008469366;pattern
Q10_7_seed_49224186;21022;Sort;1;Outer;;1131.429;1132.211;1179.881212798442;1181.7201112372818;pattern
Q10_7_seed_49224186;21021;Limit;0;;;1131.43;1132.213;1172.0280484412658;1172.8864981367353;pattern
Q10_83_seed_672730542;21080;Seq Scan;7;Outer;;0.287;164.38;0.20008377112578846;162.97181081249536;operator
Q10_83_seed_672730542;21081;Index Scan;7;Inner;;0.061;0.064;0.05607278279962953;0.06130194055731019;operator
Q10_83_seed_672730542;21083;Seq Scan;7;Outer;;0.039;23.857;0.2058318816781986;27.02364662623208;operator
Q10_83_seed_672730542;21079;Nested Loop;6;Outer;;0.563;1056.616;0.6153172048216833;1005.9889999960253;pattern
Q10_83_seed_672730542;21082;Hash;6;Inner;;33.208;33.209;32.31766644175238;32.3192406406809;operator
Q10_83_seed_672730542;21085;Seq Scan;6;Outer;;0.009;0.01;0.05182032088445343;3.318337216688235;operator
Q10_83_seed_672730542;21078;Hash Join;5;Outer;;33.946;1101.266;50.37642747740988;1124.9995998686295;pattern
Q10_83_seed_672730542;21084;Hash;5;Inner;;0.014;0.015;10.402055745812149;10.402324494838766;operator
Q10_83_seed_672730542;21077;Hash Join;4;Outer;;34.03;1104.086;30.284851570867815;639.5591620377303;pattern
Q10_83_seed_672730542;21076;Gather;3;Outer;;36.354;1091.133;614.8180256878333;989.7436326078846;operator
Q10_83_seed_672730542;21075;Aggregate;2;Outer;;1133.891;1143.004;1004.2131375120694;1010.5710008469366;pattern
Q10_83_seed_672730542;21074;Sort;1;Outer;;1145.668;1146.442;1179.714349468412;1181.5508558544916;pattern
Q10_83_seed_672730542;21073;Limit;0;;;1145.669;1146.444;1172.0280484412658;1172.8864981367353;pattern
Q10_87_seed_705546666;21132;Seq Scan;7;Outer;;0.078;161.772;0.20017030159955262;162.96121443159944;operator
Q10_87_seed_705546666;21133;Index Scan;7;Inner;;0.06;0.063;0.05607278279962953;0.06130194055731019;operator
Q10_87_seed_705546666;21135;Seq Scan;7;Outer;;0.015;27.526;0.2058318816781986;27.02364662623208;operator
Q10_87_seed_705546666;21131;Nested Loop;6;Outer;;0.285;1062.981;0.6158407375824959;1005.9889999960253;pattern
Q10_87_seed_705546666;21134;Hash;6;Inner;;38.777;38.777;32.31766644175238;32.3192406406809;operator
Q10_87_seed_705546666;21137;Seq Scan;6;Outer;;0.01;0.01;0.05182032088445343;3.318337216688235;operator
Q10_87_seed_705546666;21130;Hash Join;5;Outer;;42.035;1114.941;50.37642747740988;1124.9995998686295;pattern
Q10_87_seed_705546666;21136;Hash;5;Inner;;0.015;0.015;10.402055745812149;10.402324494838766;operator
Q10_87_seed_705546666;21129;Hash Join;4;Outer;;42.114;1117.893;30.284851570867815;639.5591620377303;pattern
Q10_87_seed_705546666;21128;Gather;3;Outer;;42.39;1113.318;614.5489839046453;990.1969877512719;operator
Q10_87_seed_705546666;21127;Aggregate;2;Outer;;1159.976;1169.598;1004.2131375120694;1010.5710008469366;pattern
Q10_87_seed_705546666;21126;Sort;1;Outer;;1172.391;1173.217;1179.8284240898213;1181.6665664644954;pattern
Q10_87_seed_705546666;21125;Limit;0;;;1172.392;1173.219;1172.0280484412658;1172.8864981367353;pattern
Q10_88_seed_713750697;21145;Seq Scan;7;Outer;;0.253;161.815;0.20014128282833893;162.96476720648786;operator
Q10_88_seed_713750697;21146;Index Scan;7;Inner;;0.06;0.063;0.05607278279962953;0.06130194055731019;operator
Q10_88_seed_713750697;21148;Seq Scan;7;Outer;;0.137;28.895;0.2058318816781986;27.02364662623208;operator
Q10_88_seed_713750697;21144;Nested Loop;6;Outer;;0.493;1053.098;0.6156605305236535;1005.9889999960253;pattern
Q10_88_seed_713750697;21147;Hash;6;Inner;;35.861;35.861;32.31766644175238;32.3192406406809;operator
Q10_88_seed_713750697;21150;Seq Scan;6;Outer;;0.009;0.01;0.05182032088445343;3.318337216688235;operator
Q10_88_seed_713750697;21143;Hash Join;5;Outer;;36.512;1099.299;50.37642747740988;1124.9995998686295;pattern
Q10_88_seed_713750697;21149;Hash;5;Inner;;0.014;0.014;10.402055745812149;10.402324494838766;operator
Q10_88_seed_713750697;21142;Hash Join;4;Outer;;36.589;1102.142;30.284851570867815;639.5591620377303;pattern
Q10_88_seed_713750697;21141;Gather;3;Outer;;38.736;1099.097;614.6400162955188;990.0433467603759;operator
Q10_88_seed_713750697;21140;Aggregate;2;Outer;;1141.136;1150.502;1004.2131375120694;1010.5710008469366;pattern
Q10_88_seed_713750697;21139;Sort;1;Outer;;1153.522;1154.28;1179.7903243760481;1181.6279206767042;pattern
Q10_88_seed_713750697;21138;Limit;0;;;1153.523;1154.282;1172.0280484412658;1172.8864981367353;pattern
Q10_94_seed_762974883;21236;Seq Scan;7;Outer;;0.374;159.118;0.2001810204976019;162.9599023225665;operator
Q10_94_seed_762974883;21237;Index Scan;7;Inner;;0.058;0.061;0.05607278279962953;0.06130194055731019;operator
Q10_94_seed_762974883;21239;Seq Scan;7;Outer;;0.013;26.792;0.2058318816781986;27.02364662623208;operator
Q10_94_seed_762974883;21235;Nested Loop;6;Outer;;0.615;1033.541;0.6159087539012171;1005.9889999960253;pattern
Q10_94_seed_762974883;21238;Hash;6;Inner;;32.837;32.837;32.31766644175238;32.3192406406809;operator
Q10_94_seed_762974883;21241;Seq Scan;6;Outer;;0.01;0.011;0.05182032088445343;3.318337216688235;operator
Q10_94_seed_762974883;21234;Hash Join;5;Outer;;33.582;1076.811;50.37642747740988;1124.9995998686295;pattern
Q10_94_seed_762974883;21240;Hash;5;Inner;;0.015;0.016;10.402055745812149;10.402324494838766;operator
Q10_94_seed_762974883;21233;Hash Join;4;Outer;;35.25;1081.278;30.284851570867815;639.5591620377303;pattern
Q10_94_seed_762974883;21232;Gather;3;Outer;;38.618;1071.799;614.51536337516;990.2537943505483;operator
Q10_94_seed_762974883;21231;Aggregate;2;Outer;;1116.207;1126.755;1004.2131375120694;1010.5710008469366;pattern
Q10_94_seed_762974883;21230;Sort;1;Outer;;1129.721;1130.544;1179.8425112795103;1181.6808554791264;pattern
Q10_94_seed_762974883;21229;Limit;0;;;1129.722;1130.545;1172.0280484412658;1172.8864981367353;pattern
Q12_113_seed_918851472;24423;Seq Scan;5;Outer;;9.743;827.942;5.830053316532078;725.9401393185816;operator
Q12_113_seed_918851472;24424;Index Scan;5;Inner;;0.026;0.026;0.02601358361888663;0.026031979665296044;operator
Q12_113_seed_918851472;24422;Nested Loop;4;Outer;;10.319;965.573;10.456509686805349;1005.9889999960253;pattern
Q12_113_seed_918851472;24421;Sort;3;Outer;;966.538;966.648;1028.0202916913167;1028.9678623803165;operator
Q12_113_seed_918851472;24420;Aggregate;2;Outer;;967.162;967.507;1035.5648062683222;1047.8627662887484;operator
Q12_113_seed_918851472;24419;Gather Merge;1;Outer;;982.908;988.435;1070.5765509707117;1075.5808787679393;operator
Q12_113_seed_918851472;24418;Aggregate;0;;;983.246;988.447;1009.5844478505016;1019.1302159279512;pattern
Q12_126_seed_1025503875;24521;Seq Scan;5;Outer;;10.629;831.509;5.829819506210055;725.9405527604233;operator
Q12_126_seed_1025503875;24522;Index Scan;5;Inner;;0.025;0.025;0.02601358361888663;0.026031979665296044;operator
Q12_126_seed_1025503875;24520;Nested Loop;4;Outer;;11.169;964.423;10.456644540463113;1005.9889999960253;pattern
Q12_126_seed_1025503875;24519;Sort;3;Outer;;965.323;965.429;1028.0216042112672;1028.969135588224;operator
Q12_126_seed_1025503875;24518;Aggregate;2;Outer;;965.7;966.049;1035.5664581324556;1047.8633757262708;operator
Q12_126_seed_1025503875;24517;Gather Merge;1;Outer;;978.305;984.157;1070.5765972608517;1075.580924787295;operator
Q12_126_seed_1025503875;24516;Aggregate;0;;;978.721;984.172;1009.5774278049786;1019.1224111579936;pattern
Q12_145_seed_1181380464;24668;Seq Scan;5;Outer;;9.64;828.147;5.8298330623339725;725.940528802648;operator
Q12_145_seed_1181380464;24669;Index Scan;5;Inner;;0.027;0.027;0.02601358361888663;0.026031979665296044;operator
Q12_145_seed_1181380464;24667;Nested Loop;4;Outer;;10.18;967.99;10.456636521163134;1005.9889999960253;pattern
Q12_145_seed_1181380464;24666;Sort;3;Outer;;968.921;969.024;1028.0215280861944;1028.9690617420442;operator
Q12_145_seed_1181380464;24665;Aggregate;2;Outer;;969.302;969.638;1035.566362357451;1047.8633403725469;operator
Q12_145_seed_1181380464;24664;Gather Merge;1;Outer;;983.017;990.917;1070.57659457656;1075.5809221187055;operator
Q12_145_seed_1181380464;24663;Aggregate;0;;;983.371;990.932;1009.577849072268;1019.1228802048604;pattern
Q12_149_seed_1214196588;24696;Seq Scan;5;Outer;;9.371;846.164;5.829961833838093;725.9403011432065;operator
Q12_149_seed_1214196588;24697;Index Scan;5;Inner;;0.026;0.026;0.02601358361888663;0.026031979665296044;operator
Q12_149_seed_1214196588;24695;Nested Loop;4;Outer;;10.003;980.772;10.45656245007821;1005.9889999960253;pattern
Q12_149_seed_1214196588;24694;Sort;3;Outer;;981.659;981.768;1028.0208051179434;1028.9683604241009;operator
Q12_149_seed_1214196588;24693;Aggregate;2;Outer;;982.089;982.437;1035.5654525829414;1047.8630046564358;operator
Q12_149_seed_1214196588;24692;Gather Merge;1;Outer;;994.036;1000.143;1070.576569080614;1075.5808967719038;operator
Q12_149_seed_1214196588;24691;Aggregate;0;;;994.476;1000.171;1009.5817201539064;1019.127186197398;pattern
Q12_17_seed_131264496;24731;Seq Scan;5;Outer;;9.719;884.639;5.829822895262034;725.940546771092;operator
Q12_17_seed_131264496;24732;Index Scan;5;Inner;;0.026;0.026;0.02601358361888663;0.026031979665296044;operator
Q12_17_seed_131264496;24730;Nested Loop;4;Outer;;10.088;1021.142;10.456641918743443;1005.9889999960253;pattern
Q12_17_seed_131264496;24729;Sort;3;Outer;;1021.959;1022.061;1028.0215851844484;1028.9691171308345;operator
Q12_17_seed_131264496;24728;Aggregate;2;Outer;;1022.329;1022.707;1035.5664341903632;1047.8633668897662;operator
Q12_17_seed_131264496;24727;Gather Merge;1;Outer;;1037.18;1043.261;1070.5765965898527;1075.5809241202212;operator
Q12_17_seed_131264496;24726;Aggregate;0;;;1037.885;1043.343;1009.5775634716788;1019.1225622319129;pattern
Q12_21_seed_164080620;24766;Seq Scan;5;Outer;;9.929;850.0;5.829768668659598;725.9406425912772;operator
Q12_21_seed_164080620;24767;Index Scan;5;Inner;;0.027;0.027;0.02601358361888663;0.026031979665296044;operator
Q12_21_seed_164080620;24765;Nested Loop;4;Outer;;10.716;989.798;10.456673466235383;1005.9889999960253;pattern
Q12_21_seed_164080620;24764;Sort;3;Outer;;990.765;990.867;1028.0218897316538;1028.9694125621795;operator
Q12_21_seed_164080620;24763;Aggregate;2;Outer;;991.128;991.476;1035.5668173089757;1047.8635083339595;operator
Q12_21_seed_164080620;24762;Gather Merge;1;Outer;;1005.687;1012.361;1070.5766073280136;1075.580934795567;operator
Q12_21_seed_164080620;24761;Aggregate;0;;;1006.053;1012.38;1009.5758996240561;1019.1207089323934;pattern
Q12_24_seed_188692713;24787;Seq Scan;5;Outer;;10.752;838.393;5.829819506210055;725.9405527604233;operator
Q12_24_seed_188692713;24788;Index Scan;5;Inner;;0.028;0.028;0.02601358361888663;0.026031979665296044;operator
Q12_24_seed_188692713;24786;Nested Loop;4;Outer;;11.283;983.024;10.456644540463113;1005.9889999960253;pattern
Q12_24_seed_188692713;24785;Sort;3;Outer;;983.836;983.935;1028.0216042112672;1028.969135588224;operator
Q12_24_seed_188692713;24784;Aggregate;2;Outer;;984.207;984.542;1035.5664581324556;1047.8633757262708;operator
Q12_24_seed_188692713;24783;Gather Merge;1;Outer;;996.764;1003.412;1070.5765972608517;1075.580924787295;operator
Q12_24_seed_188692713;24782;Aggregate;0;;;997.234;1003.43;1009.5774278049786;1019.1224111579936;pattern
Q12_39_seed_311753178;24899;Seq Scan;5;Outer;;10.153;838.891;5.829819506210055;725.9405527604233;operator
Q12_39_seed_311753178;24900;Index Scan;5;Inner;;0.025;0.025;0.02601358361888663;0.026031979665296044;operator
Q12_39_seed_311753178;24898;Nested Loop;4;Outer;;10.619;970.494;10.456643815917172;1005.9889999960253;pattern
Q12_39_seed_311753178;24897;Sort;3;Outer;;971.526;971.633;1028.021604217016;1028.9691355936266;operator
Q12_39_seed_311753178;24896;Aggregate;2;Outer;;971.947;972.298;1035.5664581346116;1047.8633757288685;operator
Q12_39_seed_311753178;24895;Gather Merge;1;Outer;;986.116;991.407;1070.5765972609497;1075.5809247873924;operator
Q12_39_seed_311753178;24894;Aggregate;0;;;986.536;991.429;1009.5774634015117;1019.1224508075387;pattern
Q12_45_seed_360977364;24948;Seq Scan;5;Outer;;10.528;827.752;5.829911005511599;725.9403910218641;operator
Q12_45_seed_360977364;24949;Index Scan;5;Inner;;0.027;0.027;0.02601358361888663;0.026031979665296044;operator
Q12_45_seed_360977364;24947;Nested Loop;4;Outer;;11.014;968.25;10.456592282060996;1005.9889999960253;pattern
Q12_45_seed_360977364;24946;Sort;3;Outer;;969.304;969.414;1028.0210904442733;1028.9686372045805;operator
Q12_45_seed_360977364;24945;Aggregate;2;Outer;;969.686;970.029;1035.5658116823042;1047.8631371410027;operator
Q12_45_seed_360977364;24944;Gather Merge;1;Outer;;982.282;989.985;1070.5765791436183;1075.5809067760424;operator
Q12_45_seed_360977364;24943;Aggregate;0;;;982.704;989.997;1009.5801683814823;1019.1254609620155;pattern
Q12_47_seed_377385426;24962;Seq Scan;5;Outer;;9.731;842.613;5.8299076168356345;725.9403970131727;operator
Q12_47_seed_377385426;24963;Index Scan;5;Inner;;0.028;0.028;0.02601358361888663;0.026031979665296044;operator
Q12_47_seed_377385426;24961;Nested Loop;4;Outer;;10.215;987.67;10.456594200621938;1005.9889999960253;pattern
Q12_47_seed_377385426;24960;Sort;3;Outer;;988.592;988.705;1028.021109468959;1028.9686556595075;operator
Q12_47_seed_377385426;24959;Aggregate;2;Outer;;989.012;989.4;1035.5658356234176;1047.863145975082;operator
Q12_47_seed_377385426;24958;Gather Merge;1;Outer;;1003.153;1010.11;1070.5765798145458;1075.5809074430451;operator
Q12_47_seed_377385426;24957;Aggregate;0;;;1003.946;1010.194;1009.5800691321155;1019.1253505794622;pattern
Q12_48_seed_385589457;24969;Seq Scan;5;Outer;;9.733;830.433;5.829897450731155;725.940414986627;operator
Q12_48_seed_385589457;24970;Index Scan;5;Inner;;0.026;0.026;0.02601358361888663;0.026031979665296044;operator
Q12_48_seed_385589457;24968;Nested Loop;4;Outer;;10.332;968.057;10.456600381841302;1005.9889999960253;pattern
Q12_48_seed_385589457;24967;Sort;3;Outer;;968.887;968.994;1028.0211665414192;1028.9687110228933;operator
Q12_48_seed_385589457;24966;Aggregate;2;Outer;;969.279;969.707;1035.5659074461967;1047.8631724769334;operator
Q12_48_seed_385589457;24965;Gather Merge;1;Outer;;982.954;989.795;1070.5765818273096;1075.580909444035;operator
Q12_48_seed_385589457;24964;Aggregate;0;;;983.994;989.903;1009.5797462579865;1019.1249914444261;pattern
Q12_54_seed_434813643;25018;Seq Scan;5;Outer;;9.972;844.766;5.829826284301446;725.9405407816898;operator
Q12_54_seed_434813643;25019;Index Scan;5;Inner;;0.027;0.027;0.02601358361888663;0.026031979665296044;operator
Q12_54_seed_434813643;25017;Nested Loop;4;Outer;;10.404;985.277;10.4566406819405;1005.9889999960253;pattern
Q12_54_seed_434813643;25016;Sort;3;Outer;;986.085;986.194;1028.0215661469385;1028.9690986634146;operator
Q12_54_seed_434813643;25015;Aggregate;2;Outer;;986.585;986.956;1035.5664102442672;1047.8633580484866;operator
Q12_54_seed_434813643;25014;Gather Merge;1;Outer;;1003.076;1008.439;1070.5765959186726;1075.5809234529675;operator
Q12_54_seed_434813643;25013;Aggregate;0;;;1003.457;1008.461;1009.5776310892546;1019.1226375069218;pattern
Q12_55_seed_443017674;25025;Seq Scan;5;Outer;;10.06;821.322;5.829897450731155;725.940414986627;operator
Q12_55_seed_443017674;25026;Index Scan;5;Inner;;0.027;0.027;0.02601358361888663;0.026031979665296044;operator
Q12_55_seed_443017674;25024;Nested Loop;4;Outer;;10.551;960.171;10.456599736120967;1005.9889999960253;pattern
Q12_55_seed_443017674;25023;Sort;3;Outer;;961.045;961.143;1028.0211665465426;1028.9687110277084;operator
Q12_55_seed_443017674;25022;Aggregate;2;Outer;;961.428;961.761;1035.5659074481168;1047.8631724792488;operator
Q12_55_seed_443017674;25021;Gather Merge;1;Outer;;974.734;981.076;1070.5765818273974;1075.580909444122;operator
Q12_55_seed_443017674;25020;Aggregate;0;;;975.193;981.099;1009.5797777301775;1019.1250264642008;pattern
Q12_68_seed_549670077;25123;Seq Scan;5;Outer;;10.016;835.351;5.830060092605591;725.9401273293726;operator
Q12_68_seed_549670077;25124;Index Scan;5;Inner;;0.027;0.027;0.02601358361888663;0.026031979665296044;operator
Q12_68_seed_549670077;25122;Nested Loop;4;Outer;;10.547;975.793;10.456506084706218;1005.9889999960253;pattern
Q12_68_seed_549670077;25121;Sort;3;Outer;;977.466;977.571;1028.0202536658865;1028.9678254944954;operator
Q12_68_seed_549670077;25120;Aggregate;2;Outer;;977.83;978.178;1035.5647583956827;1047.8627486363034;operator
Q12_68_seed_549670077;25119;Gather Merge;1;Outer;;991.873;998.172;1070.5765496293814;1075.5808774344555;operator
Q12_68_seed_549670077;25118;Aggregate;0;;;992.367;998.209;1009.5846355271716;1019.1304242470989;pattern
Q12_71_seed_574282170;25151;Seq Scan;5;Outer;;9.585;835.367;5.829853396085679;725.9404928637035;operator
Q12_71_seed_574282170;25152;Index Scan;5;Inner;;0.025;0.025;0.02601358361888663;0.026031979665296044;operator
Q12_71_seed_574282170;25150;Nested Loop;4;Outer;;10.097;967.927;10.456624914199423;1005.9889999960253;pattern
Q12_71_seed_574282170;25149;Sort;3;Outer;;968.835;968.94;1028.021413904136;1028.9689509785203;operator
Q12_71_seed_574282170;25148;Aggregate;2;Outer;;969.225;969.574;1035.5662186972354;1047.863287346157;operator
Q12_71_seed_574282170;25147;Gather Merge;1;Outer;;984.649;988.943;1070.5765905502576;1075.5809181159561;operator
Q12_71_seed_574282170;25146;Aggregate;0;;;985.002;988.96;1009.5784592593268;1019.1235594353976;pattern
Q12_7_seed_49224186;25214;Seq Scan;5;Outer;;9.821;839.696;5.829816117143519;725.9405587496822;operator
Q12_7_seed_49224186;25215;Index Scan;5;Inner;;0.026;0.026;0.02601358361888663;0.026031979665296044;operator
Q12_7_seed_49224186;25213;Nested Loop;4;Outer;;10.47;974.25;10.45664569096591;1005.9889999960253;pattern
Q12_7_seed_49224186;25212;Sort;3;Outer;;975.128;975.237;1028.0216232500552;1028.9691540568801;operator
Q12_7_seed_49224186;25211;Aggregate;2;Outer;;975.573;975.914;1035.566482079044;1047.8633845682407;operator
Q12_7_seed_49224186;25210;Gather Merge;1;Outer;;989.664;995.263;1070.576597932056;1075.5809254545732;operator
Q12_7_seed_49224186;25209;Aggregate;0;;;990.043;995.281;1009.5773643870178;1019.1223405541197;pattern
Q12_81_seed_656322480;25228;Seq Scan;5;Outer;;10.354;841.939;5.82982967332305;725.9405347922068;operator
Q12_81_seed_656322480;25229;Index Scan;5;Inner;;0.027;0.027;0.02601358361888663;0.026031979665296044;operator
Q12_81_seed_656322480;25227;Nested Loop;4;Outer;;10.782;982.406;10.45663814326885;1005.9889999960253;pattern
Q12_81_seed_656322480;25226;Sort;3;Outer;;983.329;983.428;1028.0215471200545;1028.9690802059988;operator
Q12_81_seed_656322480;25225;Aggregate;2;Outer;;983.712;984.048;1035.5663863021641;1047.8633492120653;operator
Q12_81_seed_656322480;25224;Gather Merge;1;Outer;;1000.036;1003.732;1070.5765952476754;1075.5809227858952;operator
Q12_81_seed_656322480;25223;Aggregate;0;;;1000.41;1003.745;1009.5777625911364;1019.1227839288372;pattern
Q12_89_seed_721954728;25284;Seq Scan;5;Outer;;9.372;828.815;5.830053316532078;725.9401393185816;operator
Q12_89_seed_721954728;25285;Index Scan;5;Inner;;0.027;0.027;0.02601358361888663;0.026031979665296044;operator
Q12_89_seed_721954728;25283;Nested Loop;4;Outer;;9.963;970.139;10.456509686805349;1005.9889999960253;pattern
Q12_89_seed_721954728;25282;Sort;3;Outer;;971.022;971.115;1028.0202916913167;1028.9678623803165;operator
Q12_89_seed_721954728;25281;Aggregate;2;Outer;;971.394;971.707;1035.5648062683222;1047.8627662887484;operator
Q12_89_seed_721954728;25280;Gather Merge;1;Outer;;985.591;990.491;1070.5765509707117;1075.5808787679393;operator
Q12_89_seed_721954728;25279;Aggregate;0;;;985.958;990.501;1009.5844478505016;1019.1302159279512;pattern
Q12_92_seed_746566821;25312;Seq Scan;5;Outer;;9.292;842.6;5.8299143941687115;725.9403850304878;operator
Q12_92_seed_746566821;25313;Index Scan;5;Inner;;0.026;0.026;0.02601358361888663;0.026031979665296044;operator
Q12_92_seed_746566821;25311;Nested Loop;4;Outer;;9.744;981.597;10.456590750934023;1005.9889999960253;pattern
Q12_92_seed_746566821;25310;Sort;3;Outer;;982.446;982.551;1028.0210714168104;1028.968618747061;operator
Q12_92_seed_746566821;25309;Aggregate;2;Outer;;982.84;983.185;1035.5657877401584;1047.8631283057266;operator
Q12_92_seed_746566821;25308;Gather Merge;1;Outer;;997.799;1003.298;1070.5765784726443;1075.5809061089935;operator
Q12_92_seed_746566821;25307;Aggregate;0;;;998.163;1003.31;1009.5802497975087;1019.1255515005263;pattern
Q12_98_seed_795791007;25354;Seq Scan;5;Outer;;12.475;851.094;5.829911005511599;725.9403910218641;operator
Q12_98_seed_795791007;25355;Index Scan;5;Inner;;0.025;0.025;0.02601358361888663;0.026031979665296044;operator
Q12_98_seed_795791007;25353;Nested Loop;4;Outer;;13.073;983.625;10.456592282060996;1005.9889999960253;pattern
Q12_98_seed_795791007;25352;Sort;3;Outer;;984.486;984.585;1028.0210904442733;1028.9686372045805;operator
Q12_98_seed_795791007;25351;Aggregate;2;Outer;;984.845;985.172;1035.5658116823042;1047.8631371410027;operator
Q12_98_seed_795791007;25350;Gather Merge;1;Outer;;1000.188;1005.451;1070.5765791436183;1075.5809067760424;operator
Q12_98_seed_795791007;25349;Aggregate;0;;;1000.522;1005.464;1009.5801683814823;1019.1254609620155;pattern
Q13_104_seed_845015193;25404;Index Only Scan;5;Outer;;0.017;9.587;0.010999999999999233;10.102999999999998;operator
Q13_104_seed_845015193;25402;Seq Scan;4;Outer;;0.191;482.798;0.2447413277222251;85.40809640648331;operator
Q13_104_seed_845015193;25403;Hash;4;Inner;;14.934;14.934;27.02020088299608;27.023760845287683;operator
Q13_104_seed_845015193;25401;Hash Join;3;Outer;;15.341;691.024;16.994481070161456;316.085806958174;pattern
Q13_104_seed_845015193;25400;Aggregate;2;Outer;;893.591;900.954;904.2073583119582;961.8489187055378;operator
Q13_104_seed_845015193;25399;Aggregate;1;Outer;;906.977;906.98;1004.621183023484;1007.0416809947354;operator
Q13_104_seed_845015193;25398;Sort;0;;;906.998;907.0;1042.5884869986864;1043.89492984018;pattern
Q13_105_seed_853219224;25411;Index Only Scan;5;Outer;;0.011;10.625;0.010999999999999233;10.102999999999998;operator
Q13_105_seed_853219224;25409;Seq Scan;4;Outer;;0.209;470.034;0.21591670710830052;85.92148686073784;operator
Q13_105_seed_853219224;25410;Hash;4;Inner;;16.319;16.319;27.02020088299608;27.023760845287683;operator
Q13_105_seed_853219224;25408;Hash Join;3;Outer;;16.764;686.153;16.948278941953674;316.085806958174;pattern
Q13_105_seed_853219224;25407;Aggregate;2;Outer;;895.827;903.104;903.5458368848665;960.7624982023003;operator
Q13_105_seed_853219224;25406;Aggregate;1;Outer;;909.219;909.23;1004.2503597520235;1006.636923796436;operator
Q13_105_seed_853219224;25405;Sort;0;;;909.242;909.252;1042.524186770218;1043.8288266108843;pattern
Q13_107_seed_869627286;25425;Index Only Scan;5;Outer;;0.01;10.214;0.010999999999999233;10.102999999999998;operator
Q13_107_seed_869627286;25423;Seq Scan;4;Outer;;0.223;479.633;0.2303484981315787;85.66040415736501;operator
Q13_107_seed_869627286;25424;Hash;4;Inner;;15.296;15.296;27.02020088299608;27.023760845287683;operator
Q13_107_seed_869627286;25422;Hash Join;3;Outer;;15.706;684.624;16.968797899743087;316.085806958174;pattern
Q13_107_seed_869627286;25421;Aggregate;2;Outer;;881.392;888.64;903.8766129040182;961.3051803715186;operator
Q13_107_seed_869627286;25420;Aggregate;1;Outer;;894.681;894.686;1004.4356251752636;1006.8391224705568;operator
Q13_107_seed_869627286;25419;Sort;0;;;894.705;894.709;1042.5563031951647;1043.8618444173242;pattern
Q13_109_seed_886035348;25439;Index Only Scan;5;Outer;;0.012;9.324;0.010999999999999233;10.102999999999998;operator
Q13_109_seed_886035348;25437;Seq Scan;4;Outer;;0.23;513.92;0.23755028696026562;85.53314792559982;operator
Q13_109_seed_886035348;25438;Hash;4;Inner;;14.685;14.685;27.02020088299608;27.023760845287683;operator
Q13_109_seed_886035348;25436;Hash Join;3;Outer;;15.126;722.608;16.980993122863552;316.085806958174;pattern
Q13_109_seed_886035348;25435;Aggregate;2;Outer;;920.403;927.944;904.0419898041075;961.5769180371178;operator
Q13_109_seed_886035348;25434;Aggregate;1;Outer;;934.046;934.049;1004.5283677375298;1006.9403569419044;operator
Q13_109_seed_886035348;25433;Sort;0;;;934.072;934.073;1042.5723866967774;1043.878378699403;pattern
Q13_110_seed_894239379;25453;Index Only Scan;5;Outer;;0.014;9.755;0.010999999999999233;10.102999999999998;operator
Q13_110_seed_894239379;25451;Seq Scan;4;Outer;;0.225;502.152;0.22313696793406318;85.78985417351063;operator
Q13_110_seed_894239379;25452;Hash;4;Inner;;15.053;15.053;27.02020088299608;27.023760845287683;operator
Q13_110_seed_894239379;25450;Hash Join;3;Outer;;15.504;711.259;16.957893761190384;316.085806958174;pattern
Q13_110_seed_894239379;25449;Aggregate;2;Outer;;912.357;919.564;903.7112283489321;961.0337067434117;operator
Q13_110_seed_894239379;25448;Aggregate;1;Outer;;925.649;925.657;1004.3429557180208;1006.737977960451;operator
Q13_110_seed_894239379;25447;Sort;0;;;925.669;925.676;1042.5402365380387;1043.8453270391894;pattern
Q13_118_seed_959871627;25509;Index Only Scan;5;Outer;;0.011;9.457;0.010999999999999233;10.102999999999998;operator
Q13_118_seed_959871627;25507;Seq Scan;4;Outer;;0.24;504.578;0.22313696793406318;85.78985417351063;operator
Q13_118_seed_959871627;25508;Hash;4;Inner;;14.956;14.956;27.02020088299608;27.023760845287683;operator
Q13_118_seed_959871627;25506;Hash Join;3;Outer;;15.449;714.941;16.957893761190384;316.085806958174;pattern
Q13_118_seed_959871627;25505;Aggregate;2;Outer;;920.996;928.886;903.7112283489321;961.0337067434117;operator
Q13_118_seed_959871627;25504;Aggregate;1;Outer;;934.908;934.918;1004.3429557180208;1006.737977960451;operator
Q13_118_seed_959871627;25503;Sort;0;;;934.93;934.94;1042.5402365380387;1043.8453270391894;pattern
Q13_136_seed_1107544185;25649;Index Only Scan;5;Outer;;0.012;10.948;0.010999999999999233;10.102999999999998;operator
Q13_136_seed_1107544185;25647;Seq Scan;4;Outer;;0.279;501.678;0.2447413277222251;85.40809640648331;operator
Q13_136_seed_1107544185;25648;Hash;4;Inner;;17.585;17.586;27.02020088299608;27.023760845287683;operator
Q13_136_seed_1107544185;25646;Hash Join;3;Outer;;18.07;719.111;16.994481070161456;316.085806958174;pattern
Q13_136_seed_1107544185;25645;Aggregate;2;Outer;;926.547;934.285;904.2073583119582;961.8489187055378;operator
Q13_136_seed_1107544185;25644;Aggregate;1;Outer;;940.512;940.515;1004.621183023484;1007.0416809947354;operator
Q13_136_seed_1107544185;25643;Sort;0;;;940.54;940.541;1042.5884869986864;1043.89492984018;pattern
Q13_141_seed_1148564340;25691;Index Only Scan;5;Outer;;0.01;9.558;0.010999999999999233;10.102999999999998;operator
Q13_141_seed_1148564340;25689;Seq Scan;4;Outer;;0.238;471.225;0.20145405524045257;86.19125487640117;operator
Q13_141_seed_1148564340;25690;Hash;4;Inner;;15.048;15.049;27.02020088299608;27.023760845287683;operator
Q13_141_seed_1148564340;25688;Hash Join;3;Outer;;15.517;680.984;16.932909572777945;316.085806958174;pattern
Q13_141_seed_1148564340;25687;Aggregate;2;Outer;;880.791;888.135;903.2150362579432;960.220880653568;operator
Q13_141_seed_1148564340;25686;Aggregate;1;Outer;;894.199;894.206;1004.0653898631929;1006.4350880715905;operator
Q13_141_seed_1148564340;25685;Sort;0;;;894.224;894.23;1042.4921368703774;1043.7958754820731;pattern
Q13_144_seed_1173176433;25712;Index Only Scan;5;Outer;;0.016;9.847;0.010999999999999233;10.102999999999998;operator
Q13_144_seed_1173176433;25710;Seq Scan;4;Outer;;0.188;468.417;0.2447413277222251;85.40809640648331;operator
Q13_144_seed_1173176433;25711;Hash;4;Inner;;15.2;15.2;27.02020088299608;27.023760845287683;operator
Q13_144_seed_1173176433;25709;Hash Join;3;Outer;;15.596;686.678;16.994481070161456;316.085806958174;pattern
Q13_144_seed_1173176433;25708;Aggregate;2;Outer;;896.649;903.998;904.2073583119582;961.8489187055378;operator
Q13_144_seed_1173176433;25707;Aggregate;1;Outer;;910.014;910.017;1004.621183023484;1007.0416809947354;operator
Q13_144_seed_1173176433;25706;Sort;0;;;910.039;910.041;1042.5884869986864;1043.89492984018;pattern
Q13_147_seed_1197788526;25733;Index Only Scan;5;Outer;;0.012;10.212;0.010999999999999233;10.102999999999998;operator
Q13_147_seed_1197788526;25731;Seq Scan;4;Outer;;0.187;471.175;0.2447413277222251;85.40809640648331;operator
Q13_147_seed_1197788526;25732;Hash;4;Inner;;15.538;15.538;27.02020088299608;27.023760845287683;operator
Q13_147_seed_1197788526;25730;Hash Join;3;Outer;;15.924;681.435;16.994481070161456;316.085806958174;pattern
Q13_147_seed_1197788526;25729;Aggregate;2;Outer;;882.085;889.593;904.2073583119582;961.8489187055378;operator
Q13_147_seed_1197788526;25728;Aggregate;1;Outer;;895.683;895.686;1004.621183023484;1007.0416809947354;operator
Q13_147_seed_1197788526;25727;Sort;0;;;895.702;895.703;1042.5884869986864;1043.89492984018;pattern
Q13_1_seed_0101000000;25803;Index Only Scan;5;Outer;;0.01;10.374;0.010999999999999233;10.102999999999998;operator
Q13_1_seed_0101000000;25801;Seq Scan;4;Outer;;0.305;492.275;0.25192061800753884;85.28526034208359;operator
Q13_1_seed_0101000000;25802;Hash;4;Inner;;15.399;15.399;27.02020088299608;27.023760845287683;operator
Q13_1_seed_0101000000;25800;Hash Join;3;Outer;;15.91;702.765;17.009263255532638;316.085806958174;pattern
Q13_1_seed_0101000000;25799;Aggregate;2;Outer;;909.523;917.048;904.372717699066;962.1211813568746;operator
Q13_1_seed_0101000000;25798;Aggregate;1;Outer;;923.127;923.132;1004.7140706566515;1007.1430942543592;operator
Q13_1_seed_0101000000;25797;Sort;0;;;923.155;923.158;1042.604604057324;1043.9114977950455;pattern
Q13_25_seed_196896744;25845;Index Only Scan;5;Outer;;0.037;14.05;0.010999999999999233;10.102999999999998;operator
Q13_25_seed_196896744;25843;Seq Scan;4;Outer;;0.306;503.376;0.2447413277222251;85.40809640648331;operator
Q13_25_seed_196896744;25844;Hash;4;Inner;;23.121;23.122;27.02020088299608;27.023760845287683;operator
Q13_25_seed_196896744;25842;Hash Join;3;Outer;;23.936;705.433;16.994481070161456;316.085806958174;pattern
Q13_25_seed_196896744;25841;Aggregate;2;Outer;;893.717;901.87;904.2073583119582;961.8489187055378;operator
Q13_25_seed_196896744;25840;Aggregate;1;Outer;;908.032;908.039;1004.621183023484;1007.0416809947354;operator
Q13_25_seed_196896744;25839;Sort;0;;;908.07;908.076;1042.5884869986864;1043.89492984018;pattern
Q13_28_seed_221508837;25866;Index Only Scan;5;Outer;;0.017;10.475;0.010999999999999233;10.102999999999998;operator
Q13_28_seed_221508837;25864;Seq Scan;4;Outer;;0.193;503.407;0.22313696793406318;85.78985417351063;operator
Q13_28_seed_221508837;25865;Hash;4;Inner;;16.024;16.024;27.02020088299608;27.023760845287683;operator
Q13_28_seed_221508837;25863;Hash Join;3;Outer;;16.445;710.745;16.957893761190384;316.085806958174;pattern
Q13_28_seed_221508837;25862;Aggregate;2;Outer;;912.29;919.062;903.7112283489321;961.0337067434117;operator
Q13_28_seed_221508837;25861;Aggregate;1;Outer;;925.027;925.03;1004.3429557180208;1006.737977960451;operator
Q13_28_seed_221508837;25860;Sort;0;;;925.071;925.073;1042.5402365380387;1043.8453270391894;pattern
Q13_35_seed_278937054;25922;Index Only Scan;5;Outer;;0.011;9.623;0.010999999999999233;10.102999999999998;operator
Q13_35_seed_278937054;25920;Seq Scan;4;Outer;;0.38;500.505;0.2447413277222251;85.40809640648331;operator
Q13_35_seed_278937054;25921;Hash;4;Inner;;14.685;14.685;27.02020088299608;27.023760845287683;operator
Q13_35_seed_278937054;25919;Hash Join;3;Outer;;15.267;708.421;16.994481070161456;316.085806958174;pattern
Q13_35_seed_278937054;25918;Aggregate;2;Outer;;909.141;916.56;904.2073583119582;961.8489187055378;operator
Q13_35_seed_278937054;25917;Aggregate;1;Outer;;922.545;922.55;1004.621183023484;1007.0416809947354;operator
Q13_35_seed_278937054;25916;Sort;0;;;922.568;922.571;1042.5884869986864;1043.89492984018;pattern
Q13_37_seed_295345116;25936;Index Only Scan;5;Outer;;0.025;10.229;0.010999999999999233;10.102999999999998;operator
Q13_37_seed_295345116;25934;Seq Scan;4;Outer;;0.25;507.494;0.2447413277222251;85.40809640648331;operator
Q13_37_seed_295345116;25935;Hash;4;Inner;;15.629;15.629;27.02020088299608;27.023760845287683;operator
Q13_37_seed_295345116;25933;Hash Join;3;Outer;;16.131;718.975;16.994481070161456;316.085806958174;pattern
Q13_37_seed_295345116;25932;Aggregate;2;Outer;;923.549;930.584;904.2073583119582;961.8489187055378;operator
Q13_37_seed_295345116;25931;Aggregate;1;Outer;;936.409;936.42;1004.621183023484;1007.0416809947354;operator
Q13_37_seed_295345116;25930;Sort;0;;;936.434;936.444;1042.5884869986864;1043.89492984018;pattern
Q13_38_seed_303549147;25943;Index Only Scan;5;Outer;;0.012;9.846;0.010999999999999233;10.102999999999998;operator
Q13_38_seed_303549147;25941;Seq Scan;4;Outer;;0.353;479.228;0.2303484981315787;85.66040415736501;operator
Q13_38_seed_303549147;25942;Hash;4;Inner;;14.674;14.674;27.02020088299608;27.023760845287683;operator
Q13_38_seed_303549147;25940;Hash Join;3;Outer;;15.248;684.665;16.968797899743087;316.085806958174;pattern
Q13_38_seed_303549147;25939;Aggregate;2;Outer;;882.512;889.956;903.8766129040182;961.3051803715186;operator
Q13_38_seed_303549147;25938;Aggregate;1;Outer;;895.721;895.723;1004.4356251752636;1006.8391224705568;operator
Q13_38_seed_303549147;25937;Sort;0;;;895.74;895.742;1042.5563031951647;1043.8618444173242;pattern
Q13_42_seed_336365271;25978;Index Only Scan;5;Outer;;0.01;10.241;0.010999999999999233;10.102999999999998;operator
Q13_42_seed_336365271;25976;Seq Scan;4;Outer;;0.17;469.237;0.2447413277222251;85.40809640648331;operator
Q13_42_seed_336365271;25977;Hash;4;Inner;;15.376;15.376;27.02020088299608;27.023760845287683;operator
Q13_42_seed_336365271;25975;Hash Join;3;Outer;;15.75;678.649;16.994481070161456;316.085806958174;pattern
Q13_42_seed_336365271;25974;Aggregate;2;Outer;;881.463;889.323;904.2073583119582;961.8489187055378;operator
Q13_42_seed_336365271;25973;Aggregate;1;Outer;;895.266;895.269;1004.621183023484;1007.0416809947354;operator
Q13_42_seed_336365271;25972;Sort;0;;;895.286;895.288;1042.5884869986864;1043.89492984018;pattern
Q13_44_seed_352773333;25992;Index Only Scan;5;Outer;;0.016;9.773;0.010999999999999233;10.102999999999998;operator
Q13_44_seed_352773333;25990;Seq Scan;4;Outer;;0.194;478.841;0.23755028696026562;85.53314792559982;operator
Q13_44_seed_352773333;25991;Hash;4;Inner;;15.127;15.127;27.02020088299608;27.023760845287683;operator
Q13_44_seed_352773333;25989;Hash Join;3;Outer;;15.562;700.428;16.980993122863552;316.085806958174;pattern
Q13_44_seed_352773333;25988;Aggregate;2;Outer;;916.381;923.385;904.0419898041075;961.5769180371178;operator
Q13_44_seed_352773333;25987;Aggregate;1;Outer;;929.32;929.327;1004.5283677375298;1006.9403569419044;operator
Q13_44_seed_352773333;25986;Sort;0;;;929.344;929.35;1042.5723866967774;1043.878378699403;pattern
Q13_45_seed_360977364;25999;Index Only Scan;5;Outer;;0.015;9.441;0.010999999999999233;10.102999999999998;operator
Q13_45_seed_360977364;25997;Seq Scan;4;Outer;;0.245;465.231;0.2447413277222251;85.40809640648331;operator
Q13_45_seed_360977364;25998;Hash;4;Inner;;14.354;14.354;27.02020088299608;27.023760845287683;operator
Q13_45_seed_360977364;25996;Hash Join;3;Outer;;14.786;673.942;16.994481070161456;316.085806958174;pattern
Q13_45_seed_360977364;25995;Aggregate;2;Outer;;876.552;884.434;904.2073583119582;961.8489187055378;operator
Q13_45_seed_360977364;25994;Aggregate;1;Outer;;890.312;890.321;1004.621183023484;1007.0416809947354;operator
Q13_45_seed_360977364;25993;Sort;0;;;890.332;890.339;1042.5884869986864;1043.89492984018;pattern
Q13_51_seed_410201550;26048;Index Only Scan;5;Outer;;0.011;10.195;0.010999999999999233;10.102999999999998;operator
Q13_51_seed_410201550;26046;Seq Scan;4;Outer;;0.188;465.906;0.20145405524045257;86.19125487640117;operator
Q13_51_seed_410201550;26047;Hash;4;Inner;;15.647;15.648;27.02020088299608;27.023760845287683;operator
Q13_51_seed_410201550;26045;Hash Join;3;Outer;;16.062;688.2;16.932909572777945;316.085806958174;pattern
Q13_51_seed_410201550;26044;Aggregate;2;Outer;;900.45;907.742;903.2150362579432;960.220880653568;operator
Q13_51_seed_410201550;26043;Aggregate;1;Outer;;913.63;913.64;1004.0653898631929;1006.4350880715905;operator
Q13_51_seed_410201550;26042;Sort;0;;;913.651;913.66;1042.4921368703774;1043.7958754820731;pattern
Q13_55_seed_443017674;26076;Index Only Scan;5;Outer;;0.011;9.273;0.010999999999999233;10.102999999999998;operator
Q13_55_seed_443017674;26074;Seq Scan;4;Outer;;0.287;501.049;0.2447413277222251;85.40809640648331;operator
Q13_55_seed_443017674;26075;Hash;4;Inner;;14.287;14.288;27.02020088299608;27.023760845287683;operator
Q13_55_seed_443017674;26073;Hash Join;3;Outer;;14.765;699.856;16.994481070161456;316.085806958174;pattern
Q13_55_seed_443017674;26072;Aggregate;2;Outer;;894.485;902.839;904.2073583119582;961.8489187055378;operator
Q13_55_seed_443017674;26071;Aggregate;1;Outer;;908.747;908.754;1004.621183023484;1007.0416809947354;operator
Q13_55_seed_443017674;26070;Sort;0;;;908.77;908.776;1042.5884869986864;1043.89492984018;pattern
Q13_64_seed_516853953;26146;Index Only Scan;5;Outer;;0.013;11.191;0.010999999999999233;10.102999999999998;operator
Q13_64_seed_516853953;26144;Seq Scan;4;Outer;;0.273;504.932;0.23755028696026562;85.53314792559982;operator
Q13_64_seed_516853953;26145;Hash;4;Inner;;17.467;17.468;27.02020088299608;27.023760845287683;operator
Q13_64_seed_516853953;26143;Hash Join;3;Outer;;18.01;712.583;16.980993122863552;316.085806958174;pattern
Q13_64_seed_516853953;26142;Aggregate;2;Outer;;911.966;918.79;904.0419898041075;961.5769180371178;operator
Q13_64_seed_516853953;26141;Aggregate;1;Outer;;924.804;924.808;1004.5283677375298;1006.9403569419044;operator
Q13_64_seed_516853953;26140;Sort;0;;;924.852;924.854;1042.5723866967774;1043.878378699403;pattern
Q13_66_seed_533262015;26160;Index Only Scan;5;Outer;;0.015;10.001;0.010999999999999233;10.102999999999998;operator
Q13_66_seed_533262015;26158;Seq Scan;4;Outer;;0.199;465.089;0.2447413277222251;85.40809640648331;operator
Q13_66_seed_533262015;26159;Hash;4;Inner;;15.444;15.445;27.02020088299608;27.023760845287683;operator
Q13_66_seed_533262015;26157;Hash Join;3;Outer;;16.026;670.961;16.994481070161456;316.085806958174;pattern
Q13_66_seed_533262015;26156;Aggregate;2;Outer;;872.198;880.349;904.2073583119582;961.8489187055378;operator
Q13_66_seed_533262015;26155;Aggregate;1;Outer;;886.403;886.406;1004.621183023484;1007.0416809947354;operator
Q13_66_seed_533262015;26154;Sort;0;;;886.421;886.423;1042.5884869986864;1043.89492984018;pattern
Q13_67_seed_541466046;26167;Index Only Scan;5;Outer;;0.01;10.291;0.010999999999999233;10.102999999999998;operator
Q13_67_seed_541466046;26165;Seq Scan;4;Outer;;0.191;509.599;0.2447413277222251;85.40809640648331;operator
Q13_67_seed_541466046;26166;Hash;4;Inner;;15.479;15.479;27.02020088299608;27.023760845287683;operator
Q13_67_seed_541466046;26164;Hash Join;3;Outer;;15.867;720.613;16.994481070161456;316.085806958174;pattern
Q13_67_seed_541466046;26163;Aggregate;2;Outer;;925.873;934.734;904.2073583119582;961.8489187055378;operator
Q13_67_seed_541466046;26162;Aggregate;1;Outer;;940.723;940.726;1004.621183023484;1007.0416809947354;operator
Q13_67_seed_541466046;26161;Sort;0;;;940.742;940.744;1042.5884869986864;1043.89492984018;pattern
Q13_68_seed_549670077;26174;Index Only Scan;5;Outer;;0.016;10.577;0.010999999999999233;10.102999999999998;operator
Q13_68_seed_549670077;26172;Seq Scan;4;Outer;;0.2;478.29;0.23755028696026562;85.53314792559982;operator
Q13_68_seed_549670077;26173;Hash;4;Inner;;16.824;16.824;27.02020088299608;27.023760845287683;operator
Q13_68_seed_549670077;26171;Hash Join;3;Outer;;17.263;696.884;16.980993122863552;316.085806958174;pattern
Q13_68_seed_549670077;26170;Aggregate;2;Outer;;908.084;915.538;904.0419898041075;961.5769180371178;operator
Q13_68_seed_549670077;26169;Aggregate;1;Outer;;921.595;921.599;1004.5283677375298;1006.9403569419044;operator
Q13_68_seed_549670077;26168;Sort;0;;;921.624;921.626;1042.5723866967774;1043.878378699403;pattern
Q13_70_seed_566078139;26195;Index Only Scan;5;Outer;;0.022;9.753;0.010999999999999233;10.102999999999998;operator
Q13_70_seed_566078139;26193;Seq Scan;4;Outer;;0.186;500.515;0.2447413277222251;85.40809640648331;operator
Q13_70_seed_566078139;26194;Hash;4;Inner;;15.177;15.177;27.02020088299608;27.023760845287683;operator
Q13_70_seed_566078139;26192;Hash Join;3;Outer;;15.557;715.812;16.994481070161456;316.085806958174;pattern
Q13_70_seed_566078139;26191;Aggregate;2;Outer;;922.837;930.496;904.2073583119582;961.8489187055378;operator
Q13_70_seed_566078139;26190;Aggregate;1;Outer;;936.573;936.577;1004.621183023484;1007.0416809947354;operator
Q13_70_seed_566078139;26189;Sort;0;;;936.599;936.601;1042.5884869986864;1043.89492984018;pattern
Q13_74_seed_598894263;26223;Index Only Scan;5;Outer;;0.011;9.744;0.010999999999999233;10.102999999999998;operator
Q13_74_seed_598894263;26221;Seq Scan;4;Outer;;0.221;479.657;0.2303484981315787;85.66040415736501;operator
Q13_74_seed_598894263;26222;Hash;4;Inner;;15.174;15.175;27.02020088299608;27.023760845287683;operator
Q13_74_seed_598894263;26220;Hash Join;3;Outer;;15.602;687.589;16.968797899743087;316.085806958174;pattern
Q13_74_seed_598894263;26219;Aggregate;2;Outer;;887.552;895.638;903.8766129040182;961.3051803715186;operator
Q13_74_seed_598894263;26218;Aggregate;1;Outer;;901.721;901.728;1004.4356251752636;1006.8391224705568;operator
Q13_74_seed_598894263;26217;Sort;0;;;901.745;901.751;1042.5563031951647;1043.8618444173242;pattern
Q13_81_seed_656322480;26279;Index Only Scan;5;Outer;;0.019;10.032;0.010999999999999233;10.102999999999998;operator
Q13_81_seed_656322480;26277;Seq Scan;4;Outer;;0.235;468.946;0.21591670710830052;85.92148686073784;operator
Q13_81_seed_656322480;26278;Hash;4;Inner;;18.568;18.569;27.02020088299608;27.023760845287683;operator
Q13_81_seed_656322480;26276;Hash Join;3;Outer;;19.028;686.4;16.948278941953674;316.085806958174;pattern
Q13_81_seed_656322480;26275;Aggregate;2;Outer;;896.004;903.379;903.5458368848665;960.7624982023003;operator
Q13_81_seed_656322480;26274;Aggregate;1;Outer;;909.412;909.422;1004.2503597520235;1006.636923796436;operator
Q13_81_seed_656322480;26273;Sort;0;;;909.445;909.454;1042.524186770218;1043.8288266108843;pattern
Q13_84_seed_680934573;26300;Index Only Scan;5;Outer;;0.012;10.481;0.010999999999999233;10.102999999999998;operator
Q13_84_seed_680934573;26298;Seq Scan;4;Outer;;0.266;473.905;0.20145405524045257;86.19125487640117;operator
Q13_84_seed_680934573;26299;Hash;4;Inner;;16.42;16.42;27.02020088299608;27.023760845287683;operator
Q13_84_seed_680934573;26297;Hash Join;3;Outer;;16.963;683.339;16.932909572777945;316.085806958174;pattern
Q13_84_seed_680934573;26296;Aggregate;2;Outer;;885.294;892.794;903.2150362579432;960.220880653568;operator
Q13_84_seed_680934573;26295;Aggregate;1;Outer;;898.836;898.839;1004.0653898631929;1006.4350880715905;operator
Q13_84_seed_680934573;26294;Sort;0;;;898.855;898.857;1042.4921368703774;1043.7958754820731;pattern
Q14_103_seed_836811162;26447;Seq Scan;5;Outer;;7.715;36.838;0.20969313927655325;35.23737748076627;operator
Q14_103_seed_836811162;26445;Seq Scan;4;Outer;;1.005;750.956;5.563827042723401;726.1934868163513;operator
Q14_103_seed_836811162;26446;Hash;4;Inner;;42.731;42.732;34.648833225128044;34.6509889416227;operator
Q14_103_seed_836811162;26444;Hash Join;3;Outer;;44.036;800.912;37.78814666661486;799.693178500921;pattern
Q14_103_seed_836811162;26443;Aggregate;2;Outer;;803.264;803.265;919.4570393036494;936.5934772724919;operator
Q14_103_seed_836811162;26442;Gather;1;Outer;;815.788;822.012;803.8566988367112;912.8736997420671;operator
Q14_103_seed_836811162;26441;Aggregate;0;;;816.626;822.03;955.6305204136299;961.9612678358216;pattern
Q14_104_seed_845015193;26454;Seq Scan;5;Outer;;7.697;36.849;0.20969313927655325;35.23737748076627;operator
Q14_104_seed_845015193;26452;Seq Scan;4;Outer;;0.679;732.289;5.564489272138507;726.192387441461;operator
Q14_104_seed_845015193;26453;Hash;4;Inner;;42.287;42.288;34.648833225128044;34.6509889416227;operator
Q14_104_seed_845015193;26451;Hash Join;3;Outer;;43.965;782.528;37.789125920984795;799.693178500921;pattern
Q14_104_seed_845015193;26450;Aggregate;2;Outer;;784.874;784.876;919.4538565775157;936.595196088058;operator
Q14_104_seed_845015193;26449;Gather;1;Outer;;797.285;803.171;803.8563004220036;912.8738006903046;operator
Q14_104_seed_845015193;26448;Aggregate;0;;;798.695;803.188;955.6306343580535;961.9613817280695;pattern
Q14_105_seed_853219224;26461;Seq Scan;5;Outer;;7.9;38.619;0.20969313927655325;35.23737748076627;operator
Q14_105_seed_853219224;26459;Seq Scan;4;Outer;;0.687;719.328;5.561843361620241;726.1967550435548;operator
Q14_105_seed_853219224;26460;Hash;4;Inner;;44.319;44.319;34.648833225128044;34.6509889416227;operator
Q14_105_seed_853219224;26458;Hash Join;3;Outer;;46.407;772.31;37.78523439216332;799.693178500921;pattern
Q14_105_seed_853219224;26457;Aggregate;2;Outer;;774.688;774.69;919.4665631697956;936.5883542443833;operator
Q14_105_seed_853219224;26456;Gather;1;Outer;;787.754;796.473;803.8578909353275;912.8734000442988;operator
Q14_105_seed_853219224;26455;Aggregate;0;;;788.332;796.501;955.6301833026746;961.96093088015;pattern
Q14_10_seed_73836279;26496;Seq Scan;5;Outer;;7.641;38.299;0.20969313927655325;35.23737748076627;operator
Q14_10_seed_73836279;26494;Seq Scan;4;Outer;;0.711;723.282;5.56137890642258;726.1975148897542;operator
Q14_10_seed_73836279;26495;Hash;4;Inner;;43.592;43.593;34.648833225128044;34.6509889416227;operator
Q14_10_seed_73836279;26493;Hash Join;3;Outer;;44.615;774.135;37.784557052410406;799.693178500921;pattern
Q14_10_seed_73836279;26492;Aggregate;2;Outer;;776.53;776.53;919.468790951878;936.5871602699359;operator
Q14_10_seed_73836279;26491;Gather;1;Outer;;788.558;794.731;803.858169763892;912.8733304534542;operator
Q14_10_seed_73836279;26490;Aggregate;0;;;789.168;794.755;955.630105279135;961.9608528927514;pattern
Q14_110_seed_894239379;26503;Seq Scan;5;Outer;;7.632;37.069;0.20969313927655325;35.23737748076627;operator
Q14_110_seed_894239379;26501;Seq Scan;4;Outer;;0.429;756.355;5.561398264289773;726.1974832609325;operator
Q14_110_seed_894239379;26502;Hash;4;Inner;;42.204;42.205;34.648833225128044;34.6509889416227;operator
Q14_110_seed_894239379;26500;Hash Join;3;Outer;;43.066;806.156;37.784585248799814;799.693178500921;pattern
Q14_110_seed_894239379;26499;Aggregate;2;Outer;;808.496;808.497;919.468698116853;936.5872099915068;operator
Q14_110_seed_894239379;26498;Gather;1;Outer;;820.435;828.324;803.8581581448537;912.8733333495288;operator
Q14_110_seed_894239379;26497;Aggregate;0;;;824.383;828.343;955.6301085242019;961.9608561363136;pattern
Q14_116_seed_943463565;26545;Seq Scan;5;Outer;;7.75;36.537;0.20969313927655325;35.23737748076627;operator
Q14_116_seed_943463565;26543;Seq Scan;4;Outer;;0.618;756.039;5.56211094166299;726.1963163613315;operator
Q14_116_seed_943463565;26544;Hash;4;Inner;;41.741;41.741;34.648833225128044;34.6509889416227;operator
Q14_116_seed_943463565;26542;Hash Join;3;Outer;;43.098;805.817;37.78562539727217;799.693178500921;pattern
Q14_116_seed_943463565;26541;Aggregate;2;Outer;;808.121;808.121;919.4652793460559;936.5890430606424;operator
Q14_116_seed_943463565;26540;Gather;1;Outer;;821.648;828.118;803.8577302485235;912.8734402363268;operator
Q14_116_seed_943463565;26539;Aggregate;0;;;823.94;828.145;955.6302284091441;961.960975965761;pattern
Q14_125_seed_1017299844;26615;Seq Scan;5;Outer;;7.681;39.116;0.20969313927655325;35.23737748076627;operator
Q14_125_seed_1017299844;26613;Seq Scan;4;Outer;;0.894;781.126;5.562523413315241;726.1956388139797;operator
Q14_125_seed_1017299844;26614;Hash;4;Inner;;45.149;45.149;34.648833225128044;34.6509889416227;operator
Q14_125_seed_1017299844;26612;Hash Join;3;Outer;;47.616;835.219;37.78622924481195;799.693178500921;pattern
Q14_125_seed_1017299844;26611;Aggregate;2;Outer;;837.701;837.702;919.463299824657;936.5901062240188;operator
Q14_125_seed_1017299844;26610;Gather;1;Outer;;850.36;858.085;803.8574824809054;912.8735023348019;operator
Q14_125_seed_1017299844;26609;Aggregate;0;;;852.931;858.108;955.6302981638221;961.961045688232;pattern
Q14_128_seed_1041911937;26636;Seq Scan;5;Outer;;7.59;39.416;0.20969313927655325;35.23737748076627;operator
Q14_128_seed_1041911937;26634;Seq Scan;4;Outer;;0.863;746.702;5.56095291095563;726.1982100322593;operator
Q14_128_seed_1041911937;26635;Hash;4;Inner;;44.538;44.539;34.648833225128044;34.6509889416227;operator
Q14_128_seed_1041911937;26633;Hash Join;3;Outer;;46.085;799.147;37.78393730593399;799.693178500921;pattern
Q14_128_seed_1041911937;26632;Aggregate;2;Outer;;801.572;801.573;919.4708335593767;936.586066997403;operator
Q14_128_seed_1041911937;26631;Gather;1;Outer;;814.53;823.632;803.8584254087226;912.8732668177781;operator
Q14_128_seed_1041911937;26630;Aggregate;0;;;814.96;823.656;955.6300340177737;961.9607816644664;pattern
Q14_129_seed_1050115968;26643;Seq Scan;5;Outer;;8.505;40.777;0.20969313927655325;35.23737748076627;operator
Q14_129_seed_1050115968;26641;Seq Scan;4;Outer;;0.478;773.559;5.560313479222536;726.1992502653271;operator
Q14_129_seed_1050115968;26642;Hash;4;Inner;;46.155;46.156;34.648833225128044;34.6509889416227;operator
Q14_129_seed_1050115968;26640;Hash Join;3;Outer;;47.302;827.501;37.783009744945005;799.693178500921;pattern
Q14_129_seed_1050115968;26639;Aggregate;2;Outer;;829.785;829.786;919.473898320562;936.5844292481461;operator
Q14_129_seed_1050115968;26638;Gather;1;Outer;;842.591;848.594;803.8588089691888;912.8731716439357;operator
Q14_129_seed_1050115968;26637;Aggregate;0;;;845.497;848.62;955.6299275924445;961.9606752886561;pattern
Q14_131_seed_1066524030;26664;Seq Scan;5;Outer;;7.743;38.419;0.20969313927655325;35.23737748076627;operator
Q14_131_seed_1066524030;26662;Seq Scan;4;Outer;;0.945;740.204;5.561343415737773;726.1975728688279;operator
Q14_131_seed_1066524030;26663;Hash;4;Inner;;42.361;42.361;34.648833225128044;34.6509889416227;operator
Q14_131_seed_1066524030;26661;Hash Join;3;Outer;;44.097;789.877;37.78450536492499;799.693178500921;pattern
Q14_131_seed_1066524030;26660;Aggregate;2;Outer;;792.23;792.231;919.4689611518552;936.5870691199018;operator
Q14_131_seed_1066524030;26659;Gather;1;Outer;;805.35;811.877;803.858191065729;912.8733251447843;operator
Q14_131_seed_1066524030;26658;Aggregate;0;;;805.726;811.897;955.6300993311813;961.960846947556;pattern
Q14_139_seed_1132156278;26720;Seq Scan;5;Outer;;7.952;35.761;0.20969313927655325;35.23737748076627;operator
Q14_139_seed_1132156278;26718;Seq Scan;4;Outer;;0.866;736.508;5.564489272138507;726.192387441461;operator
Q14_139_seed_1132156278;26719;Hash;4;Inner;;41.212;41.212;34.648833225128044;34.6509889416227;operator
Q14_139_seed_1132156278;26717;Hash Join;3;Outer;;43.116;785.707;37.789125920984795;799.693178500921;pattern
Q14_139_seed_1132156278;26716;Aggregate;2;Outer;;788.126;788.127;919.4538565775157;936.595196088058;operator
Q14_139_seed_1132156278;26715;Gather;1;Outer;;801.843;807.58;803.8563004220036;912.8738006903046;operator
Q14_139_seed_1132156278;26714;Aggregate;0;;;802.673;807.596;955.6306343580535;961.9613817280695;pattern
Q14_140_seed_1140360309;26734;Seq Scan;5;Outer;;7.9;36.197;0.20969313927655325;35.23737748076627;operator
Q14_140_seed_1140360309;26732;Seq Scan;4;Outer;;0.437;754.117;5.563981399967704;726.193230939256;operator
Q14_140_seed_1140360309;26733;Hash;4;Inner;;42.748;42.748;34.648833225128044;34.6509889416227;operator
Q14_140_seed_1140360309;26731;Hash Join;3;Outer;;43.568;804.444;37.78837460291032;799.693178500921;pattern
Q14_140_seed_1140360309;26730;Aggregate;2;Outer;;806.803;806.804;919.4562975988804;936.5938775226314;operator
Q14_140_seed_1140360309;26729;Gather;1;Outer;;819.919;827.02;803.8566059913926;912.8737232315336;operator
Q14_140_seed_1140360309;26728;Aggregate;0;;;820.912;827.045;955.6305469096295;961.9612943196748;pattern
Q14_141_seed_1148564340;26741;Seq Scan;5;Outer;;7.893;37.325;0.20969313927655325;35.23737748076627;operator
Q14_141_seed_1148564340;26739;Seq Scan;4;Outer;;1.676;747.722;5.564489272138507;726.192387441461;operator
Q14_141_seed_1148564340;26740;Hash;4;Inner;;42.828;42.831;34.648833225128044;34.6509889416227;operator
Q14_141_seed_1148564340;26738;Hash Join;3;Outer;;47.254;800.493;37.789125920984795;799.693178500921;pattern
Q14_141_seed_1148564340;26737;Aggregate;2;Outer;;802.941;802.944;919.4538565775157;936.595196088058;operator
Q14_141_seed_1148564340;26736;Gather;1;Outer;;819.006;823.006;803.8563004220036;912.8738006903046;operator
Q14_141_seed_1148564340;26735;Aggregate;0;;;819.02;823.017;955.6306343580535;961.9613817280695;pattern
Q14_148_seed_1205992557;26790;Seq Scan;5;Outer;;7.739;37.133;0.20969313927655325;35.23737748076627;operator
Q14_148_seed_1205992557;26788;Seq Scan;4;Outer;;0.457;740.795;5.563827042723401;726.1934868163513;operator
Q14_148_seed_1205992557;26789;Hash;4;Inner;;42.431;42.431;34.648833225128044;34.6509889416227;operator
Q14_148_seed_1205992557;26787;Hash Join;3;Outer;;45.788;793.369;37.78814666661486;799.693178500921;pattern
Q14_148_seed_1205992557;26786;Aggregate;2;Outer;;795.665;795.666;919.4570393036494;936.5934772724919;operator
Q14_148_seed_1205992557;26785;Gather;1;Outer;;808.142;821.839;803.8566988367112;912.8736997420671;operator
Q14_148_seed_1205992557;26784;Aggregate;0;;;809.075;821.88;955.6305204136299;961.9612678358216;pattern
Q14_18_seed_139468527;26839;Seq Scan;5;Outer;;8.006;40.933;0.20969313927655325;35.23737748076627;operator
Q14_18_seed_139468527;26837;Seq Scan;4;Outer;;0.609;726.186;5.562507305286588;726.1956653040216;operator
Q14_18_seed_139468527;26838;Hash;4;Inner;;46.474;46.474;34.648833225128044;34.6509889416227;operator
Q14_18_seed_139468527;26836;Hash Join;3;Outer;;49.034;781.667;37.786205637621784;799.693178500921;pattern
Q14_18_seed_139468527;26835;Aggregate;2;Outer;;784.054;784.055;919.4633771417112;936.5900646738764;operator
Q14_18_seed_139468527;26834;Gather;1;Outer;;797.655;803.814;803.8574921584506;912.8734999064482;operator
Q14_18_seed_139468527;26833;Aggregate;0;;;798.432;803.833;955.6302954346377;961.9610429603067;pattern
Q14_22_seed_172284651;26874;Seq Scan;5;Outer;;7.707;36.024;0.20969313927655325;35.23737748076627;operator
Q14_22_seed_172284651;26872;Seq Scan;4;Outer;;0.622;754.348;5.565593847779007;726.1905444091012;operator
Q14_22_seed_172284651;26873;Hash;4;Inner;;42.205;42.207;34.648833225128044;34.6509889416227;operator
Q14_22_seed_172284651;26871;Hash Join;3;Outer;;43.635;804.962;37.790767157254855;799.693178500921;pattern
Q14_22_seed_172284651;26870;Aggregate;2;Outer;;807.365;807.368;919.4485441957675;936.5980725939892;operator
Q14_22_seed_172284651;26869;Gather;1;Outer;;819.957;826.649;803.8556353781596;912.8739700736326;operator
Q14_22_seed_172284651;26868;Aggregate;0;;;820.82;826.67;955.6308259851946;961.9615732678071;pattern
Q14_24_seed_188692713;26888;Seq Scan;5;Outer;;7.724;44.203;0.20969313927655325;35.23737748076627;operator
Q14_24_seed_188692713;26886;Seq Scan;4;Outer;;1.181;724.18;5.5608689751738245;726.1983467983075;operator
Q14_24_seed_188692713;26887;Hash;4;Inner;;50.484;50.486;34.648833225128044;34.6509889416227;operator
Q14_24_seed_188692713;26885;Hash Join;3;Outer;;52.237;782.067;37.78381536410887;799.693178500921;pattern
Q14_24_seed_188692713;26884;Aggregate;2;Outer;;784.487;784.489;919.4712359445949;936.5858517916147;operator
Q14_24_seed_188692713;26883;Gather;1;Outer;;796.456;804.797;803.8584757688685;912.8732543010614;operator
Q14_24_seed_188692713;26882;Aggregate;0;;;797.718;804.82;955.6300200107876;961.9607676639891;pattern
Q14_28_seed_221508837;26916;Seq Scan;5;Outer;;7.514;37.253;0.20969313927655325;35.23737748076627;operator
Q14_28_seed_221508837;26914;Seq Scan;4;Outer;;0.577;758.609;5.5632607994878835;726.1944235356075;operator
Q14_28_seed_221508837;26915;Hash;4;Inner;;42.418;42.418;34.648833225128044;34.6509889416227;operator
Q14_28_seed_221508837;26913;Hash Join;3;Outer;;43.457;808.571;37.78731214474164;799.693178500921;pattern
Q14_28_seed_221508837;26912;Aggregate;2;Outer;;810.9;810.901;919.4597594007494;936.5920109912688;operator
Q14_28_seed_221508837;26911;Gather;1;Outer;;823.575;830.736;803.8570393258087;912.8736137827281;operator
Q14_28_seed_221508837;26910;Aggregate;0;;;824.995;830.758;955.6304235431666;961.9611710098376;pattern
Q14_29_seed_229712868;26923;Seq Scan;5;Outer;;7.959;38.606;0.20969313927655325;35.23737748076627;operator
Q14_29_seed_229712868;26921;Seq Scan;4;Outer;;0.274;742.07;5.561765971791775;726.1968817939305;operator
Q14_29_seed_229712868;26922;Hash;4;Inner;;43.758;43.76;34.648833225128044;34.6509889416227;operator
Q14_29_seed_229712868;26920;Hash Join;3;Outer;;46.323;795.255;37.78512141141288;799.693178500921;pattern
Q14_29_seed_229712868;26919;Aggregate;2;Outer;;797.698;797.7;919.4669344293429;936.588155153463;operator
Q14_29_seed_229712868;26918;Gather;1;Outer;;810.006;816.02;803.8579374026456;912.8733884334983;operator
Q14_29_seed_229712868;26917;Aggregate;0;;;810.501;816.048;955.6301702781811;961.9609178616843;pattern
Q14_2_seed_8204031;26930;Seq Scan;5;Outer;;7.941;37.042;0.20969313927655325;35.23737748076627;operator
Q14_2_seed_8204031;26928;Seq Scan;4;Outer;;0.261;744.807;5.560901259241484;726.1982942020577;operator
Q14_2_seed_8204031;26929;Hash;4;Inner;;42.748;42.749;34.648833225128044;34.6509889416227;operator
Q14_2_seed_8204031;26927;Hash Join;3;Outer;;46.057;797.868;37.78386225976954;799.693178500921;pattern
Q14_2_seed_8204031;26926;Aggregate;2;Outer;;800.375;800.376;919.4710811789685;936.585934557783;operator
Q14_2_seed_8204031;26925;Gather;1;Outer;;813.784;819.826;803.8584563993535;912.8732591144982;operator
Q14_2_seed_8204031;26924;Aggregate;0;;;814.846;819.859;955.6300253969471;961.9607730476454;pattern
Q14_34_seed_270733023;26965;Seq Scan;5;Outer;;7.719;36.559;0.20969313927655325;35.23737748076627;operator
Q14_34_seed_270733023;26963;Seq Scan;4;Outer;;0.617;730.194;5.561178846797646;726.1978415608557;operator
Q14_34_seed_270733023;26964;Hash;4;Inner;;41.28;41.28;34.648833225128044;34.6509889416227;operator
Q14_34_seed_270733023;26962;Hash Join;3;Outer;;43.024;779.606;37.7842658225973;799.693178500921;pattern
Q14_34_seed_270733023;26961;Aggregate;2;Outer;;782.0;782.001;919.469750301975;936.586646619704;operator
Q14_34_seed_270733023;26960;Gather;1;Outer;;794.356;800.275;803.8582898333023;912.8733005453939;operator
Q14_34_seed_270733023;26959;Aggregate;0;;;796.236;800.296;955.6300717768904;961.9608194060489;pattern
Q14_36_seed_287141085;26979;Seq Scan;5;Outer;;8.037;43.31;0.20969313927655325;35.23737748076627;operator
Q14_36_seed_287141085;26977;Seq Scan;4;Outer;;0.744;731.924;5.5626683703992335;726.1954003181737;operator
Q14_36_seed_287141085;26978;Hash;4;Inner;;48.831;48.832;34.648833225128044;34.6509889416227;operator
Q14_36_seed_287141085;26976;Hash Join;3;Outer;;50.4;788.453;37.78644178051204;799.693178500921;pattern
Q14_36_seed_287141085;26975;Aggregate;2;Outer;;790.72;790.721;919.462604000445;936.5904802496536;operator
Q14_36_seed_287141085;26974;Gather;1;Outer;;803.083;809.359;803.8573953862107;912.8735241996146;operator
Q14_36_seed_287141085;26973;Aggregate;0;;;803.811;809.398;955.630322742551;961.9610702556271;pattern
Q14_37_seed_295345116;26986;Seq Scan;5;Outer;;7.921;36.827;0.20969313927655325;35.23737748076627;operator
Q14_37_seed_295345116;26984;Seq Scan;4;Outer;;0.4;747.553;5.559275708788292;726.2009303786641;operator
Q14_37_seed_295345116;26985;Hash;4;Inner;;42.357;42.357;34.648833225128044;34.6509889416227;operator
Q14_37_seed_295345116;26983;Hash Join;3;Outer;;43.242;797.689;37.78151121850214;799.693178500921;pattern
Q14_37_seed_295345116;26982;Aggregate;2;Outer;;800.16;800.161;919.4788691155094;936.5817796158294;operator
Q14_37_seed_295345116;26981;Gather;1;Outer;;812.592;819.487;803.8594310397323;912.8730180600762;operator
Q14_37_seed_295345116;26980;Aggregate;0;;;813.673;819.508;955.6297562444648;961.9605040207153;pattern
Q14_55_seed_443017674;27126;Seq Scan;5;Outer;;7.612;37.486;0.20969313927655325;35.23737748076627;operator
Q14_55_seed_443017674;27124;Seq Scan;4;Outer;;0.879;743.45;5.56137890642258;726.1975148897542;operator
Q14_55_seed_443017674;27125;Hash;4;Inner;;43.16;43.161;34.648833225128044;34.6509889416227;operator
Q14_55_seed_443017674;27123;Hash Join;3;Outer;;44.319;794.022;37.784557052410406;799.693178500921;pattern
Q14_55_seed_443017674;27122;Aggregate;2;Outer;;796.472;796.473;919.468790951878;936.5871602699359;operator
Q14_55_seed_443017674;27121;Gather;1;Outer;;808.13;813.742;803.858169763892;912.8733304534542;operator
Q14_55_seed_443017674;27120;Aggregate;0;;;808.554;813.758;955.630105279135;961.9608528927514;pattern
Q14_5_seed_32816124;27161;Seq Scan;5;Outer;;7.801;39.532;0.20969313927655325;35.23737748076627;operator
Q14_5_seed_32816124;27159;Seq Scan;4;Outer;;0.465;749.883;5.560313479222536;726.1992502653271;operator
Q14_5_seed_32816124;27160;Hash;4;Inner;;44.097;44.097;34.648833225128044;34.6509889416227;operator
Q14_5_seed_32816124;27158;Hash Join;3;Outer;;44.905;801.514;37.783009744945005;799.693178500921;pattern
Q14_5_seed_32816124;27157;Aggregate;2;Outer;;803.791;803.792;919.473898320562;936.5844292481461;operator
Q14_5_seed_32816124;27156;Gather;1;Outer;;816.551;822.461;803.8588089691888;912.8731716439357;operator
Q14_5_seed_32816124;27155;Aggregate;0;;;818.679;822.481;955.6299275924445;961.9606752886561;pattern
Q14_67_seed_541466046;27217;Seq Scan;5;Outer;;8.032;37.756;0.20969313927655325;35.23737748076627;operator
Q14_67_seed_541466046;27215;Seq Scan;4;Outer;;0.772;760.803;5.565593847779007;726.1905444091012;operator
Q14_67_seed_541466046;27216;Hash;4;Inner;;41.997;41.998;34.648833225128044;34.6509889416227;operator
Q14_67_seed_541466046;27214;Hash Join;3;Outer;;43.36;810.285;37.790767157254855;799.693178500921;pattern
Q14_67_seed_541466046;27213;Aggregate;2;Outer;;812.733;812.734;919.4485441957675;936.5980725939892;operator
Q14_67_seed_541466046;27212;Gather;1;Outer;;827.831;834.031;803.8556353781596;912.8739700736326;operator
Q14_67_seed_541466046;27211;Aggregate;0;;;828.832;834.055;955.6308259851946;961.9615732678071;pattern
Q14_68_seed_549670077;27224;Seq Scan;5;Outer;;7.686;38.374;0.20969313927655325;35.23737748076627;operator
Q14_68_seed_549670077;27222;Seq Scan;4;Outer;;1.139;749.969;5.565959544199469;726.1899316545212;operator
Q14_68_seed_549670077;27223;Hash;4;Inner;;43.235;43.235;34.648833225128044;34.6509889416227;operator
Q14_68_seed_549670077;27221;Hash Join;3;Outer;;45.361;801.059;37.791312705415194;799.693178500921;pattern
Q14_68_seed_549670077;27220;Aggregate;2;Outer;;803.345;803.346;919.4467843765962;936.5990275795356;operator
Q14_68_seed_549670077;27219;Gather;1;Outer;;814.797;821.283;803.8554150602483;912.8740264298774;operator
Q14_68_seed_549670077;27218;Aggregate;0;;;816.071;821.3;955.6308898623456;961.961637115917;pattern
Q14_73_seed_590690232;27266;Seq Scan;5;Outer;;7.661;38.785;0.20969313927655325;35.23737748076627;operator
Q14_73_seed_590690232;27264;Seq Scan;4;Outer;;0.51;757.665;5.5632607994878835;726.1944235356075;operator
Q14_73_seed_590690232;27265;Hash;4;Inner;;42.809;42.81;34.648833225128044;34.6509889416227;operator
Q14_73_seed_590690232;27263;Hash Join;3;Outer;;44.294;808.415;37.78731214474164;799.693178500921;pattern
Q14_73_seed_590690232;27262;Aggregate;2;Outer;;810.81;810.811;919.4597594007494;936.5920109912688;operator
Q14_73_seed_590690232;27261;Gather;1;Outer;;822.843;832.159;803.8570393258087;912.8736137827281;operator
Q14_73_seed_590690232;27260;Aggregate;0;;;823.718;832.178;955.6304235431666;961.9611710098376;pattern
Q14_76_seed_615302325;27287;Seq Scan;5;Outer;;7.834;44.372;0.20969313927655325;35.23737748076627;operator
Q14_76_seed_615302325;27285;Seq Scan;4;Outer;;0.662;739.532;5.564296449124587;726.192707980312;operator
Q14_76_seed_615302325;27286;Hash;4;Inner;;49.421;49.422;34.648833225128044;34.6509889416227;operator
Q14_76_seed_615302325;27284;Hash Join;3;Outer;;51.313;796.936;37.78884042463097;799.693178500921;pattern
Q14_76_seed_615302325;27283;Aggregate;2;Outer;;799.278;799.279;919.454783471145;936.5946951727385;operator
Q14_76_seed_615302325;27282;Gather;1;Outer;;812.419;821.189;803.8564164526201;912.8737712504206;operator
Q14_76_seed_615302325;27281;Aggregate;0;;;813.213;821.224;955.6306011078028;961.9613484930283;pattern
Q14_83_seed_672730542;27343;Seq Scan;5;Outer;;7.964;39.396;0.20969313927655325;35.23737748076627;operator
Q14_83_seed_672730542;27341;Seq Scan;4;Outer;;1.287;740.113;5.56095291095563;726.1982100322593;operator
Q14_83_seed_672730542;27342;Hash;4;Inner;;44.446;44.446;34.648833225128044;34.6509889416227;operator
Q14_83_seed_672730542;27340;Hash Join;3;Outer;;47.228;793.428;37.78393730593399;799.693178500921;pattern
Q14_83_seed_672730542;27339;Aggregate;2;Outer;;795.759;795.76;919.4708335593767;936.586066997403;operator
Q14_83_seed_672730542;27338;Gather;1;Outer;;808.784;815.2;803.8584254087226;912.8732668177781;operator
Q14_83_seed_672730542;27337;Aggregate;0;;;809.63;815.224;955.6300340177737;961.9607816644664;pattern
Q14_87_seed_705546666;27371;Seq Scan;5;Outer;;9.211;35.347;0.20969313927655325;35.23737748076627;operator
Q14_87_seed_705546666;27369;Seq Scan;4;Outer;;0.409;742.795;5.560797945500185;726.1984624833331;operator
Q14_87_seed_705546666;27370;Hash;4;Inner;;40.828;40.828;34.648833225128044;34.6509889416227;operator
Q14_87_seed_705546666;27368;Hash Join;3;Outer;;41.831;791.587;37.78371221583659;799.693178500921;pattern
Q14_87_seed_705546666;27367;Aggregate;2;Outer;;794.112;794.112;919.4715764381301;936.5856697293095;operator
Q14_87_seed_705546666;27366;Gather;1;Outer;;809.127;816.365;803.8585183828062;912.8732437145131;operator
Q14_87_seed_705546666;27365;Aggregate;0;;;809.142;816.377;955.6300081662647;961.9607558249724;pattern
Q18_111_seed_902443410;29024;Index Scan;11;Outer;;0.077;2110.336;0.07874069026756937;0.030264071370314054;operator
Q18_111_seed_902443410;29023;Aggregate;10;Outer;;546.193;2613.206;1025.227860404276;1280.7862079574866;operator
Q18_111_seed_902443410;29021;Seq Scan;9;Outer;;0.209;195.305;0.23623958645227744;153.8115310815523;operator
Q18_111_seed_902443410;29022;Hash;9;Inner;;2613.246;2613.246;115.06888571789018;115.0707960242379;operator
Q18_111_seed_902443410;29020;Hash Join;8;Outer;;2714.128;2840.318;79.30794941959961;515.7069870621808;pattern
Q18_111_seed_902443410;29026;Seq Scan;8;Outer;;0.031;54.137;0.08591091340218959;10.080091404577075;operator
Q18_111_seed_902443410;29019;Sort;7;Outer;;2840.33;2840.331;1250.1020552588589;1250.1230552588588;pattern
Q18_111_seed_902443410;29025;Sort;7;Inner;;64.503;67.012;996.768013713145;997.6329042293456;operator
Q18_111_seed_902443410;29018;Merge Join;6;Outer;;2907.794;2910.295;2904.8251157238387;2906.426275341094;operator
Q18_111_seed_902443410;29027;Index Scan;6;Inner;;0.02;0.021;0.021620355427923496;0.030264071370314054;operator
Q18_111_seed_902443410;29017;Nested Loop;5;Outer;;2907.828;2910.351;2905.4625146966405;2907.8868914259456;pattern
Q18_111_seed_902443410;29016;Incremental Sort;4;Outer;;2910.403;2910.405;2908.4258014677716;2908.427801467771;operator
Q18_111_seed_902443410;29015;Gather Merge;3;Outer;;2922.977;2930.4;2927.277921283025;2934.3678546442625;pattern
Q18_111_seed_902443410;29014;Aggregate;2;Outer;;2922.992;2930.42;1332.3362119569908;1337.5411544230572;pattern
Q18_111_seed_902443410;29013;Sort;1;Outer;;2923.038;2930.459;1265.451687414411;1267.7949409594642;pattern
Q18_111_seed_902443410;29012;Limit;0;;;3040.668;3048.089;2140.544356218649;2144.6483919768843;operator
Q18_123_seed_1000891782;29232;Index Scan;11;Outer;;0.074;2177.9;0.07874069026756937;0.030264071370314054;operator
Q18_123_seed_1000891782;29231;Aggregate;10;Outer;;551.748;2671.761;1025.227860404276;1280.7862079574866;operator
Q18_123_seed_1000891782;29229;Seq Scan;9;Outer;;0.198;190.024;0.23623958645227744;153.8115310815523;operator
Q18_123_seed_1000891782;29230;Hash;9;Inner;;2671.796;2671.797;115.06888571789018;115.0707960242379;operator
Q18_123_seed_1000891782;29228;Hash Join;8;Outer;;2760.647;2891.774;79.30794941959961;515.7069870621808;pattern
Q18_123_seed_1000891782;29234;Seq Scan;8;Outer;;0.039;51.795;0.08591091340218959;10.080091404577075;operator
Q18_123_seed_1000891782;29227;Sort;7;Outer;;2891.785;2891.786;1250.1020552588589;1250.1230552588588;pattern
Q18_123_seed_1000891782;29233;Sort;7;Inner;;61.44;63.913;996.768013713145;997.6329042293456;operator
Q18_123_seed_1000891782;29226;Merge Join;6;Outer;;2955.697;2958.659;2904.8251157238387;2906.426275341094;operator
Q18_123_seed_1000891782;29235;Index Scan;6;Inner;;0.024;0.025;0.021620355427923496;0.030264071370314054;operator
Q18_123_seed_1000891782;29225;Nested Loop;5;Outer;;2955.741;2958.724;2905.4625146966405;2907.8868914259456;pattern
Q18_123_seed_1000891782;29224;Incremental Sort;4;Outer;;2958.772;2958.774;2908.4258014677716;2908.427801467771;operator
Q18_123_seed_1000891782;29223;Gather Merge;3;Outer;;2969.956;2979.547;2927.277921283025;2934.3678546442625;pattern
Q18_123_seed_1000891782;29222;Aggregate;2;Outer;;2969.97;2979.566;1332.3362119569908;1337.5411544230572;pattern
Q18_123_seed_1000891782;29221;Sort;1;Outer;;2970.019;2979.607;1265.451687414411;1267.7949409594642;pattern
Q18_123_seed_1000891782;29220;Limit;0;;;3081.891;3091.48;2140.544356218649;2144.6483919768843;operator
Q18_124_seed_1009095813;29248;Index Scan;11;Outer;;0.081;2144.132;0.07874069026756937;0.030264071370314054;operator
Q18_124_seed_1009095813;29247;Aggregate;10;Outer;;546.401;2648.93;1025.227860404276;1280.7862079574866;operator
Q18_124_seed_1009095813;29245;Seq Scan;9;Outer;;0.221;192.37;0.23623958645227744;153.8115310815523;operator
Q18_124_seed_1009095813;29246;Hash;9;Inner;;2648.967;2648.968;115.06888571789018;115.0707960242379;operator
Q18_124_seed_1009095813;29244;Hash Join;8;Outer;;2727.4;2870.188;79.30794941959961;515.7069870621808;pattern
Q18_124_seed_1009095813;29250;Seq Scan;8;Outer;;0.033;54.135;0.08591091340218959;10.080091404577075;operator
Q18_124_seed_1009095813;29243;Sort;7;Outer;;2870.197;2870.198;1250.1020552588589;1250.1230552588588;pattern
Q18_124_seed_1009095813;29249;Sort;7;Inner;;63.989;66.424;996.768013713145;997.6329042293456;operator
Q18_124_seed_1009095813;29242;Merge Join;6;Outer;;2936.604;2939.57;2904.8251157238387;2906.426275341094;operator
Q18_124_seed_1009095813;29251;Index Scan;6;Inner;;0.023;0.024;0.021620355427923496;0.030264071370314054;operator
Q18_124_seed_1009095813;29241;Nested Loop;5;Outer;;2936.641;2939.631;2905.4625146966405;2907.8868914259456;pattern
Q18_124_seed_1009095813;29240;Incremental Sort;4;Outer;;2939.676;2939.678;2908.4258014677716;2908.427801467771;operator
Q18_124_seed_1009095813;29239;Gather Merge;3;Outer;;2951.034;2963.004;2927.277921283025;2934.3678546442625;pattern
Q18_124_seed_1009095813;29238;Aggregate;2;Outer;;2951.048;2963.021;1332.3362119569908;1337.5411544230572;pattern
Q18_124_seed_1009095813;29237;Sort;1;Outer;;2951.109;2963.076;1265.451687414411;1267.7949409594642;pattern
Q18_124_seed_1009095813;29236;Limit;0;;;3070.82;3082.787;2140.544356218649;2144.6483919768843;operator
Q18_126_seed_1025503875;29280;Index Scan;11;Outer;;0.081;2108.825;0.07874069026756937;0.030264071370314054;operator
Q18_126_seed_1025503875;29279;Aggregate;10;Outer;;549.261;2605.082;1025.227860404276;1280.7862079574866;operator
Q18_126_seed_1025503875;29277;Seq Scan;9;Outer;;0.205;200.646;0.23623958645227744;153.8115310815523;operator
Q18_126_seed_1025503875;29278;Hash;9;Inner;;2605.123;2605.124;115.06888571789018;115.0707960242379;operator
Q18_126_seed_1025503875;29276;Hash Join;8;Outer;;2707.516;2837.453;79.30794941959961;515.7069870621808;pattern
Q18_126_seed_1025503875;29282;Seq Scan;8;Outer;;0.052;53.743;0.08591091340218959;10.080091404577075;operator
Q18_126_seed_1025503875;29275;Sort;7;Outer;;2837.464;2837.466;1250.1020552588589;1250.1230552588588;pattern
Q18_126_seed_1025503875;29281;Sort;7;Inner;;63.267;65.744;996.768013713145;997.6329042293456;operator
Q18_126_seed_1025503875;29274;Merge Join;6;Outer;;2903.242;2906.144;2904.8251157238387;2906.426275341094;operator
Q18_126_seed_1025503875;29283;Index Scan;6;Inner;;0.022;0.023;0.021620355427923496;0.030264071370314054;operator
Q18_126_seed_1025503875;29273;Nested Loop;5;Outer;;2903.281;2906.209;2905.4625146966405;2907.8868914259456;pattern
Q18_126_seed_1025503875;29272;Incremental Sort;4;Outer;;2906.256;2906.258;2908.4258014677716;2908.427801467771;operator
Q18_126_seed_1025503875;29271;Gather Merge;3;Outer;;2917.245;2925.115;2927.277921283025;2934.3678546442625;pattern
Q18_126_seed_1025503875;29270;Aggregate;2;Outer;;2917.257;2925.13;1332.3362119569908;1337.5411544230572;pattern
Q18_126_seed_1025503875;29269;Sort;1;Outer;;2917.302;2925.169;1265.451687414411;1267.7949409594642;pattern
Q18_126_seed_1025503875;29268;Limit;0;;;3035.549;3043.417;2140.544356218649;2144.6483919768843;operator
Q18_131_seed_1066524030;29376;Index Scan;11;Outer;;0.082;2148.702;0.07874069026756937;0.030264071370314054;operator
Q18_131_seed_1066524030;29375;Aggregate;10;Outer;;550.616;2643.509;1025.227860404276;1280.7862079574866;operator
Q18_131_seed_1066524030;29373;Seq Scan;9;Outer;;0.207;197.672;0.23623958645227744;153.8115310815523;operator
Q18_131_seed_1066524030;29374;Hash;9;Inner;;2643.555;2643.556;115.06888571789018;115.0707960242379;operator
Q18_131_seed_1066524030;29372;Hash Join;8;Outer;;2742.442;2870.21;79.30794941959961;515.7069870621808;pattern
Q18_131_seed_1066524030;29378;Seq Scan;8;Outer;;0.051;53.398;0.08591091340218959;10.080091404577075;operator
Q18_131_seed_1066524030;29371;Sort;7;Outer;;2870.22;2870.222;1250.1020552588589;1250.1230552588588;pattern
Q18_131_seed_1066524030;29377;Sort;7;Inner;;62.687;65.255;996.768013713145;997.6329042293456;operator
Q18_131_seed_1066524030;29370;Merge Join;6;Outer;;2935.366;2938.523;2904.8251157238387;2906.426275341094;operator
Q18_131_seed_1066524030;29379;Index Scan;6;Inner;;0.022;0.023;0.021620355427923496;0.030264071370314054;operator
Q18_131_seed_1066524030;29369;Nested Loop;5;Outer;;2935.405;2938.59;2905.4625146966405;2907.8868914259456;pattern
Q18_131_seed_1066524030;29368;Incremental Sort;4;Outer;;2938.631;2938.632;2908.4258014677716;2908.427801467771;operator
Q18_131_seed_1066524030;29367;Gather Merge;3;Outer;;2949.664;2960.846;2927.277921283025;2934.3678546442625;pattern
Q18_131_seed_1066524030;29366;Aggregate;2;Outer;;2949.675;2960.861;1332.3362119569908;1337.5411544230572;pattern
Q18_131_seed_1066524030;29365;Sort;1;Outer;;2949.722;2960.901;1265.451687414411;1267.7949409594642;pattern
Q18_131_seed_1066524030;29364;Limit;0;;;3071.366;3082.546;2140.544356218649;2144.6483919768843;operator
Q18_134_seed_1091136123;29424;Index Scan;11;Outer;;0.029;2145.04;0.07874069026756937;0.030264071370314054;operator
Q18_134_seed_1091136123;29423;Aggregate;10;Outer;;545.696;2613.113;1025.227860404276;1280.7862079574866;operator
Q18_134_seed_1091136123;29421;Seq Scan;9;Outer;;0.199;187.554;0.23623958645227744;153.8115310815523;operator
Q18_134_seed_1091136123;29422;Hash;9;Inner;;2613.15;2613.15;115.06888571789018;115.0707960242379;operator
Q18_134_seed_1091136123;29420;Hash Join;8;Outer;;2689.689;2830.936;79.30794941959961;515.7069870621808;pattern
Q18_134_seed_1091136123;29426;Seq Scan;8;Outer;;0.075;58.855;0.08591091340218959;10.080091404577075;operator
Q18_134_seed_1091136123;29419;Sort;7;Outer;;2830.948;2830.95;1250.1020552588589;1250.1230552588588;pattern
Q18_134_seed_1091136123;29425;Sort;7;Inner;;68.402;70.696;996.768013713145;997.6329042293456;operator
Q18_134_seed_1091136123;29418;Merge Join;6;Outer;;2901.867;2904.369;2904.8251157238387;2906.426275341094;operator
Q18_134_seed_1091136123;29427;Index Scan;6;Inner;;0.024;0.025;0.021620355427923496;0.030264071370314054;operator
Q18_134_seed_1091136123;29417;Nested Loop;5;Outer;;2901.913;2904.437;2905.4625146966405;2907.8868914259456;pattern
Q18_134_seed_1091136123;29416;Incremental Sort;4;Outer;;2904.488;2904.49;2908.4258014677716;2908.427801467771;operator
Q18_134_seed_1091136123;29415;Gather Merge;3;Outer;;2915.717;2922.582;2927.277921283025;2934.3678546442625;pattern
Q18_134_seed_1091136123;29414;Aggregate;2;Outer;;2915.729;2922.598;1332.3362119569908;1337.5411544230572;pattern
Q18_134_seed_1091136123;29413;Sort;1;Outer;;2915.774;2922.637;1265.451687414411;1267.7949409594642;pattern
Q18_134_seed_1091136123;29412;Limit;0;;;3033.269;3040.132;2140.544356218649;2144.6483919768843;operator
Q18_137_seed_1115748216;29472;Index Scan;11;Outer;;0.081;2116.866;0.07874069026756937;0.030264071370314054;operator
Q18_137_seed_1115748216;29471;Aggregate;10;Outer;;546.773;2615.137;1025.227860404276;1280.7862079574866;operator
Q18_137_seed_1115748216;29469;Seq Scan;9;Outer;;0.203;187.946;0.23623958645227744;153.8115310815523;operator
Q18_137_seed_1115748216;29470;Hash;9;Inner;;2615.177;2615.178;115.06888571789018;115.0707960242379;operator
Q18_137_seed_1115748216;29468;Hash Join;8;Outer;;2732.365;2832.332;79.30794941959961;515.7069870621808;pattern
Q18_137_seed_1115748216;29474;Seq Scan;8;Outer;;0.049;53.967;0.08591091340218959;10.080091404577075;operator
Q18_137_seed_1115748216;29467;Sort;7;Outer;;2832.343;2832.344;1250.1020552588589;1250.1230552588588;pattern
Q18_137_seed_1115748216;29473;Sort;7;Inner;;63.249;64.954;996.768013713145;997.6329042293456;operator
Q18_137_seed_1115748216;29466;Merge Join;6;Outer;;2881.416;2882.542;2904.8251157238387;2906.426275341094;operator
Q18_137_seed_1115748216;29475;Index Scan;6;Inner;;0.02;0.021;0.021620355427923496;0.030264071370314054;operator
Q18_137_seed_1115748216;29465;Nested Loop;5;Outer;;2881.443;2882.595;2905.4625146966405;2907.8868914259456;pattern
Q18_137_seed_1115748216;29464;Incremental Sort;4;Outer;;2882.64;2882.641;2908.4258014677716;2908.427801467771;operator
Q18_137_seed_1115748216;29463;Gather Merge;3;Outer;;2912.579;2919.02;2927.277921283025;2934.3678546442625;pattern
Q18_137_seed_1115748216;29462;Aggregate;2;Outer;;2912.591;2919.036;1332.3362119569908;1337.5411544230572;pattern
Q18_137_seed_1115748216;29461;Sort;1;Outer;;2912.641;2919.078;1265.451687414411;1267.7949409594642;pattern
Q18_137_seed_1115748216;29460;Limit;0;;;3031.177;3037.615;2140.544356218649;2144.6483919768843;operator
Q18_139_seed_1132156278;29504;Index Scan;11;Outer;;0.082;2102.709;0.07874069026756937;0.030264071370314054;operator
Q18_139_seed_1132156278;29503;Aggregate;10;Outer;;547.782;2598.993;1025.227860404276;1280.7862079574866;operator
Q18_139_seed_1132156278;29501;Seq Scan;9;Outer;;0.193;186.126;0.23623958645227744;153.8115310815523;operator
Q18_139_seed_1132156278;29502;Hash;9;Inner;;2599.028;2599.028;115.06888571789018;115.0707960242379;operator
Q18_139_seed_1132156278;29500;Hash Join;8;Outer;;2681.617;2814.897;79.30794941959961;515.7069870621808;pattern
Q18_139_seed_1132156278;29506;Seq Scan;8;Outer;;0.033;53.423;0.08591091340218959;10.080091404577075;operator
Q18_139_seed_1132156278;29499;Sort;7;Outer;;2814.907;2814.909;1250.1020552588589;1250.1230552588588;pattern
Q18_139_seed_1132156278;29505;Sort;7;Inner;;64.479;67.304;996.768013713145;997.6329042293456;operator
Q18_139_seed_1132156278;29498;Merge Join;6;Outer;;2882.667;2885.234;2904.8251157238387;2906.426275341094;operator
Q18_139_seed_1132156278;29507;Index Scan;6;Inner;;0.023;0.024;0.021620355427923496;0.030264071370314054;operator
Q18_139_seed_1132156278;29497;Nested Loop;5;Outer;;2882.705;2885.303;2905.4625146966405;2907.8868914259456;pattern
Q18_139_seed_1132156278;29496;Incremental Sort;4;Outer;;2885.351;2885.353;2908.4258014677716;2908.427801467771;operator
Q18_139_seed_1132156278;29495;Gather Merge;3;Outer;;2898.22;2904.157;2927.277921283025;2934.3678546442625;pattern
Q18_139_seed_1132156278;29494;Aggregate;2;Outer;;2898.232;2904.172;1332.3362119569908;1337.5411544230572;pattern
Q18_139_seed_1132156278;29493;Sort;1;Outer;;2898.282;2904.215;1265.451687414411;1267.7949409594642;pattern
Q18_139_seed_1132156278;29492;Limit;0;;;3009.791;3015.725;2140.544356218649;2144.6483919768843;operator
Q18_13_seed_98448372;29520;Index Scan;11;Outer;;0.076;2107.655;0.07874069026756937;0.030264071370314054;operator
Q18_13_seed_98448372;29519;Aggregate;10;Outer;;545.187;2605.889;1025.227860404276;1280.7862079574866;operator
Q18_13_seed_98448372;29517;Seq Scan;9;Outer;;0.216;198.219;0.23623958645227744;153.8115310815523;operator
Q18_13_seed_98448372;29518;Hash;9;Inner;;2605.931;2605.932;115.06888571789018;115.0707960242379;operator
Q18_13_seed_98448372;29516;Hash Join;8;Outer;;2692.523;2834.186;79.30794941959961;515.7069870621808;pattern
Q18_13_seed_98448372;29522;Seq Scan;8;Outer;;0.04;53.827;0.08591091340218959;10.080091404577075;operator
Q18_13_seed_98448372;29515;Sort;7;Outer;;2834.196;2834.198;1250.1020552588589;1250.1230552588588;pattern
Q18_13_seed_98448372;29521;Sort;7;Inner;;63.124;65.604;996.768013713145;997.6329042293456;operator
Q18_13_seed_98448372;29514;Merge Join;6;Outer;;2900.675;2902.815;2904.8251157238387;2906.426275341094;operator
Q18_13_seed_98448372;29523;Index Scan;6;Inner;;0.019;0.02;0.021620355427923496;0.030264071370314054;operator
Q18_13_seed_98448372;29513;Nested Loop;5;Outer;;2900.708;2902.868;2905.4625146966405;2907.8868914259456;pattern
Q18_13_seed_98448372;29512;Incremental Sort;4;Outer;;2902.912;2902.914;2908.4258014677716;2908.427801467771;operator
Q18_13_seed_98448372;29511;Gather Merge;3;Outer;;2914.216;2923.248;2927.277921283025;2934.3678546442625;pattern
Q18_13_seed_98448372;29510;Aggregate;2;Outer;;2914.23;2923.266;1332.3362119569908;1337.5411544230572;pattern
Q18_13_seed_98448372;29509;Sort;1;Outer;;2914.276;2923.305;1265.451687414411;1267.7949409594642;pattern
Q18_13_seed_98448372;29508;Limit;0;;;3031.485;3040.515;2140.544356218649;2144.6483919768843;operator
Q18_147_seed_1197788526;29648;Index Scan;11;Outer;;0.024;2119.979;0.07874069026756937;0.030264071370314054;operator
Q18_147_seed_1197788526;29647;Aggregate;10;Outer;;545.157;2622.68;1025.227860404276;1280.7862079574866;operator
Q18_147_seed_1197788526;29645;Seq Scan;9;Outer;;0.237;193.927;0.23623958645227744;153.8115310815523;operator
Q18_147_seed_1197788526;29646;Hash;9;Inner;;2622.723;2622.723;115.06888571789018;115.0707960242379;operator
Q18_147_seed_1197788526;29644;Hash Join;8;Outer;;2704.84;2848.45;79.30794941959961;515.7069870621808;pattern
Q18_147_seed_1197788526;29650;Seq Scan;8;Outer;;0.045;54.112;0.08591091340218959;10.080091404577075;operator
Q18_147_seed_1197788526;29643;Sort;7;Outer;;2848.461;2848.462;1250.1020552588589;1250.1230552588588;pattern
Q18_147_seed_1197788526;29649;Sort;7;Inner;;64.823;68.769;996.768013713145;997.6329042293456;operator
Q18_147_seed_1197788526;29642;Merge Join;6;Outer;;2918.03;2921.125;2904.8251157238387;2906.426275341094;operator
Q18_147_seed_1197788526;29651;Index Scan;6;Inner;;0.019;0.02;0.021620355427923496;0.030264071370314054;operator
Q18_147_seed_1197788526;29641;Nested Loop;5;Outer;;2918.062;2921.181;2905.4625146966405;2907.8868914259456;pattern
Q18_147_seed_1197788526;29640;Incremental Sort;4;Outer;;2921.227;2921.229;2908.4258014677716;2908.427801467771;operator
Q18_147_seed_1197788526;29639;Gather Merge;3;Outer;;2937.303;2942.038;2927.277921283025;2934.3678546442625;pattern
Q18_147_seed_1197788526;29638;Aggregate;2;Outer;;2937.321;2942.06;1332.3362119569908;1337.5411544230572;pattern
Q18_147_seed_1197788526;29637;Sort;1;Outer;;2937.369;2942.101;1265.451687414411;1267.7949409594642;pattern
Q18_147_seed_1197788526;29636;Limit;0;;;3053.394;3058.127;2140.544356218649;2144.6483919768843;operator
Q18_22_seed_172284651;29856;Index Scan;11;Outer;;0.082;2094.569;0.07874069026756937;0.030264071370314054;operator
Q18_22_seed_172284651;29855;Aggregate;10;Outer;;545.988;2603.634;1025.227860404276;1280.7862079574866;operator
Q18_22_seed_172284651;29853;Seq Scan;9;Outer;;0.224;195.009;0.23623958645227744;153.8115310815523;operator
Q18_22_seed_172284651;29854;Hash;9;Inner;;2603.677;2603.678;115.06888571789018;115.0707960242379;operator
Q18_22_seed_172284651;29852;Hash Join;8;Outer;;2684.916;2827.148;79.30794941959961;515.7069870621808;pattern
Q18_22_seed_172284651;29858;Seq Scan;8;Outer;;0.046;54.132;0.08591091340218959;10.080091404577075;operator
Q18_22_seed_172284651;29851;Sort;7;Outer;;2827.157;2827.159;1250.1020552588589;1250.1230552588588;pattern
Q18_22_seed_172284651;29857;Sort;7;Inner;;63.64;66.155;996.768013713145;997.6329042293456;operator
Q18_22_seed_172284651;29850;Merge Join;6;Outer;;2894.209;2896.44;2904.8251157238387;2906.426275341094;operator
Q18_22_seed_172284651;29859;Index Scan;6;Inner;;0.022;0.023;0.021620355427923496;0.030264071370314054;operator
Q18_22_seed_172284651;29849;Nested Loop;5;Outer;;2894.247;2896.502;2905.4625146966405;2907.8868914259456;pattern
Q18_22_seed_172284651;29848;Incremental Sort;4;Outer;;2896.549;2896.551;2908.4258014677716;2908.427801467771;operator
Q18_22_seed_172284651;29847;Gather Merge;3;Outer;;2909.66;2919.137;2927.277921283025;2934.3678546442625;pattern
Q18_22_seed_172284651;29846;Aggregate;2;Outer;;2909.673;2919.153;1332.3362119569908;1337.5411544230572;pattern
Q18_22_seed_172284651;29845;Sort;1;Outer;;2909.718;2919.192;1265.451687414411;1267.7949409594642;pattern
Q18_22_seed_172284651;29844;Limit;0;;;3019.024;3028.498;2140.544356218649;2144.6483919768843;operator
Q18_28_seed_221508837;29952;Index Scan;11;Outer;;0.082;2139.343;0.07874069026756937;0.030264071370314054;operator
Q18_28_seed_221508837;29951;Aggregate;10;Outer;;542.522;2632.65;1025.227860404276;1280.7862079574866;operator
Q18_28_seed_221508837;29949;Seq Scan;9;Outer;;0.225;202.592;0.23623958645227744;153.8115310815523;operator
Q18_28_seed_221508837;29950;Hash;9;Inner;;2632.691;2632.691;115.06888571789018;115.0707960242379;operator
Q18_28_seed_221508837;29948;Hash Join;8;Outer;;2748.327;2866.911;79.30794941959961;515.7069870621808;pattern
Q18_28_seed_221508837;29954;Seq Scan;8;Outer;;0.082;52.238;0.08591091340218959;10.080091404577075;operator
Q18_28_seed_221508837;29947;Sort;7;Outer;;2866.921;2866.923;1250.1020552588589;1250.1230552588588;pattern
Q18_28_seed_221508837;29953;Sort;7;Inner;;61.053;63.544;996.768013713145;997.6329042293456;operator
Q18_28_seed_221508837;29946;Merge Join;6;Outer;;2914.428;2916.744;2904.8251157238387;2906.426275341094;operator
Q18_28_seed_221508837;29955;Index Scan;6;Inner;;0.018;0.019;0.021620355427923496;0.030264071370314054;operator
Q18_28_seed_221508837;29945;Nested Loop;5;Outer;;2914.454;2916.794;2905.4625146966405;2907.8868914259456;pattern
Q18_28_seed_221508837;29944;Incremental Sort;4;Outer;;2916.844;2916.846;2908.4258014677716;2908.427801467771;operator
Q18_28_seed_221508837;29943;Gather Merge;3;Outer;;2944.181;2950.394;2927.277921283025;2934.3678546442625;pattern
Q18_28_seed_221508837;29942;Aggregate;2;Outer;;2944.192;2950.409;1332.3362119569908;1337.5411544230572;pattern
Q18_28_seed_221508837;29941;Sort;1;Outer;;2944.24;2950.449;1265.451687414411;1267.7949409594642;pattern
Q18_28_seed_221508837;29940;Limit;0;;;3058.613;3064.823;2140.544356218649;2144.6483919768843;operator
Q18_29_seed_229712868;29968;Index Scan;11;Outer;;0.072;2132.857;0.07874069026756937;0.030264071370314054;operator
Q18_29_seed_229712868;29967;Aggregate;10;Outer;;561.026;2635.792;1025.227860404276;1280.7862079574866;operator
Q18_29_seed_229712868;29965;Seq Scan;9;Outer;;0.683;192.328;0.23623958645227744;153.8115310815523;operator
Q18_29_seed_229712868;29966;Hash;9;Inner;;2635.835;2635.836;115.06888571789018;115.0707960242379;operator
Q18_29_seed_229712868;29964;Hash Join;8;Outer;;2726.428;2859.042;79.30794941959961;515.7069870621808;pattern
Q18_29_seed_229712868;29970;Seq Scan;8;Outer;;0.026;54.329;0.08591091340218959;10.080091404577075;operator
Q18_29_seed_229712868;29963;Sort;7;Outer;;2859.049;2859.051;1250.1020552588589;1250.1230552588588;pattern
Q18_29_seed_229712868;29969;Sort;7;Inner;;63.77;66.187;996.768013713145;997.6329042293456;operator
Q18_29_seed_229712868;29962;Merge Join;6;Outer;;2925.206;2928.056;2904.8251157238387;2906.426275341094;operator
Q18_29_seed_229712868;29971;Index Scan;6;Inner;;0.021;0.022;0.021620355427923496;0.030264071370314054;operator
Q18_29_seed_229712868;29961;Nested Loop;5;Outer;;2925.245;2928.115;2905.4625146966405;2907.8868914259456;pattern
Q18_29_seed_229712868;29960;Incremental Sort;4;Outer;;2928.165;2928.167;2908.4258014677716;2908.427801467771;operator
Q18_29_seed_229712868;29959;Gather Merge;3;Outer;;2940.289;2949.336;2927.277921283025;2934.3678546442625;pattern
Q18_29_seed_229712868;29958;Aggregate;2;Outer;;2940.298;2949.348;1332.3362119569908;1337.5411544230572;pattern
Q18_29_seed_229712868;29957;Sort;1;Outer;;2940.342;2949.387;1265.451687414411;1267.7949409594642;pattern
Q18_29_seed_229712868;29956;Limit;0;;;3059.017;3068.062;2140.544356218649;2144.6483919768843;operator
Q18_31_seed_246120930;30016;Index Scan;11;Outer;;0.083;2133.229;0.07874069026756937;0.030264071370314054;operator
Q18_31_seed_246120930;30015;Aggregate;10;Outer;;543.637;2618.444;1025.227860404276;1280.7862079574866;operator
Q18_31_seed_246120930;30013;Seq Scan;9;Outer;;0.239;194.298;0.23623958645227744;153.8115310815523;operator
Q18_31_seed_246120930;30014;Hash;9;Inner;;2618.485;2618.485;115.06888571789018;115.0707960242379;operator
Q18_31_seed_246120930;30012;Hash Join;8;Outer;;2695.584;2841.454;79.30794941959961;515.7069870621808;pattern
Q18_31_seed_246120930;30018;Seq Scan;8;Outer;;0.058;53.508;0.08591091340218959;10.080091404577075;operator
Q18_31_seed_246120930;30011;Sort;7;Outer;;2841.465;2841.466;1250.1020552588589;1250.1230552588588;pattern
Q18_31_seed_246120930;30017;Sort;7;Inner;;63.073;65.567;996.768013713145;997.6329042293456;operator
Q18_31_seed_246120930;30010;Merge Join;6;Outer;;2907.546;2910.016;2904.8251157238387;2906.426275341094;operator
Q18_31_seed_246120930;30019;Index Scan;6;Inner;;0.023;0.024;0.021620355427923496;0.030264071370314054;operator
Q18_31_seed_246120930;30009;Nested Loop;5;Outer;;2907.585;2910.079;2905.4625146966405;2907.8868914259456;pattern
Q18_31_seed_246120930;30008;Incremental Sort;4;Outer;;2910.126;2910.127;2908.4258014677716;2908.427801467771;operator
Q18_31_seed_246120930;30007;Gather Merge;3;Outer;;2920.386;2929.595;2927.277921283025;2934.3678546442625;pattern
Q18_31_seed_246120930;30006;Aggregate;2;Outer;;2920.406;2929.619;1332.3362119569908;1337.5411544230572;pattern
Q18_31_seed_246120930;30005;Sort;1;Outer;;2920.458;2929.665;1265.451687414411;1267.7949409594642;pattern
Q18_31_seed_246120930;30004;Limit;0;;;3037.62;3046.827;2140.544356218649;2144.6483919768843;operator
Q18_34_seed_270733023;30064;Index Scan;11;Outer;;0.075;2151.076;0.07874069026756937;0.030264071370314054;operator
Q18_34_seed_270733023;30063;Aggregate;10;Outer;;546.392;2637.037;1025.227860404276;1280.7862079574866;operator
Q18_34_seed_270733023;30061;Seq Scan;9;Outer;;0.24;201.587;0.23623958645227744;153.8115310815523;operator
Q18_34_seed_270733023;30062;Hash;9;Inner;;2637.097;2637.098;115.06888571789018;115.0707960242379;operator
Q18_34_seed_270733023;30060;Hash Join;8;Outer;;2723.83;2868.599;79.30794941959961;515.7069870621808;pattern
Q18_34_seed_270733023;30066;Seq Scan;8;Outer;;0.044;53.106;0.08591091340218959;10.080091404577075;operator
Q18_34_seed_270733023;30059;Sort;7;Outer;;2868.61;2868.611;1250.1020552588589;1250.1230552588588;pattern
Q18_34_seed_270733023;30065;Sort;7;Inner;;62.906;65.534;996.768013713145;997.6329042293456;operator
Q18_34_seed_270733023;30058;Merge Join;6;Outer;;2934.089;2937.277;2904.8251157238387;2906.426275341094;operator
Q18_34_seed_270733023;30067;Index Scan;6;Inner;;0.023;0.023;0.021620355427923496;0.030264071370314054;operator
Q18_34_seed_270733023;30057;Nested Loop;5;Outer;;2934.131;2937.345;2905.4625146966405;2907.8868914259456;pattern
Q18_34_seed_270733023;30056;Incremental Sort;4;Outer;;2937.393;2937.395;2908.4258014677716;2908.427801467771;operator
Q18_34_seed_270733023;30055;Gather Merge;3;Outer;;2948.791;2957.71;2927.277921283025;2934.3678546442625;pattern
Q18_34_seed_270733023;30054;Aggregate;2;Outer;;2948.808;2957.734;1332.3362119569908;1337.5411544230572;pattern
Q18_34_seed_270733023;30053;Sort;1;Outer;;2948.858;2957.772;1265.451687414411;1267.7949409594642;pattern
Q18_34_seed_270733023;30052;Limit;0;;;3064.63;3073.545;2140.544356218649;2144.6483919768843;operator
Q18_42_seed_336365271;30208;Index Scan;11;Outer;;0.08;2103.203;0.07874069026756937;0.030264071370314054;operator
Q18_42_seed_336365271;30207;Aggregate;10;Outer;;547.728;2599.292;1025.227860404276;1280.7862079574866;operator
Q18_42_seed_336365271;30205;Seq Scan;9;Outer;;0.206;191.616;0.23623958645227744;153.8115310815523;operator
Q18_42_seed_336365271;30206;Hash;9;Inner;;2599.336;2599.336;115.06888571789018;115.0707960242379;operator
Q18_42_seed_336365271;30204;Hash Join;8;Outer;;2697.949;2819.942;79.30794941959961;515.7069870621808;pattern
Q18_42_seed_336365271;30210;Seq Scan;8;Outer;;0.046;54.26;0.08591091340218959;10.080091404577075;operator
Q18_42_seed_336365271;30203;Sort;7;Outer;;2819.952;2819.953;1250.1020552588589;1250.1230552588588;pattern
Q18_42_seed_336365271;30209;Sort;7;Inner;;63.661;66.048;996.768013713145;997.6329042293456;operator
Q18_42_seed_336365271;30202;Merge Join;6;Outer;;2886.749;2888.883;2904.8251157238387;2906.426275341094;operator
Q18_42_seed_336365271;30211;Index Scan;6;Inner;;0.022;0.023;0.021620355427923496;0.030264071370314054;operator
Q18_42_seed_336365271;30201;Nested Loop;5;Outer;;2886.787;2888.942;2905.4625146966405;2907.8868914259456;pattern
Q18_42_seed_336365271;30200;Incremental Sort;4;Outer;;2889.001;2889.003;2908.4258014677716;2908.427801467771;operator
Q18_42_seed_336365271;30199;Gather Merge;3;Outer;;2899.455;2908.93;2927.277921283025;2934.3678546442625;pattern
Q18_42_seed_336365271;30198;Aggregate;2;Outer;;2899.465;2908.944;1332.3362119569908;1337.5411544230572;pattern
Q18_42_seed_336365271;30197;Sort;1;Outer;;2899.517;2908.991;1265.451687414411;1267.7949409594642;pattern
Q18_42_seed_336365271;30196;Limit;0;;;3016.466;3025.939;2140.544356218649;2144.6483919768843;operator
Q18_46_seed_369181395;30272;Index Scan;11;Outer;;0.027;2148.15;0.07874069026756937;0.030264071370314054;operator
Q18_46_seed_369181395;30271;Aggregate;10;Outer;;553.009;2652.167;1025.227860404276;1280.7862079574866;operator
Q18_46_seed_369181395;30269;Seq Scan;9;Outer;;0.221;184.081;0.23623958645227744;153.8115310815523;operator
Q18_46_seed_369181395;30270;Hash;9;Inner;;2652.203;2652.203;115.06888571789018;115.0707960242379;operator
Q18_46_seed_369181395;30268;Hash Join;8;Outer;;2723.917;2866.511;79.30794941959961;515.7069870621808;pattern
Q18_46_seed_369181395;30274;Seq Scan;8;Outer;;0.042;52.198;0.08591091340218959;10.080091404577075;operator
Q18_46_seed_369181395;30267;Sort;7;Outer;;2866.523;2866.524;1250.1020552588589;1250.1230552588588;pattern
Q18_46_seed_369181395;30273;Sort;7;Inner;;63.263;65.632;996.768013713145;997.6329042293456;operator
Q18_46_seed_369181395;30266;Merge Join;6;Outer;;2933.72;2934.968;2904.8251157238387;2906.426275341094;operator
Q18_46_seed_369181395;30275;Index Scan;6;Inner;;0.022;0.023;0.021620355427923496;0.030264071370314054;operator
Q18_46_seed_369181395;30265;Nested Loop;5;Outer;;2933.76;2935.029;2905.4625146966405;2907.8868914259456;pattern
Q18_46_seed_369181395;30264;Incremental Sort;4;Outer;;2935.082;2935.084;2908.4258014677716;2908.427801467771;operator
Q18_46_seed_369181395;30263;Gather Merge;3;Outer;;2949.823;2956.171;2927.277921283025;2934.3678546442625;pattern
Q18_46_seed_369181395;30262;Aggregate;2;Outer;;2949.841;2956.193;1332.3362119569908;1337.5411544230572;pattern
Q18_46_seed_369181395;30261;Sort;1;Outer;;2949.903;2956.248;1265.451687414411;1267.7949409594642;pattern
Q18_46_seed_369181395;30260;Limit;0;;;3064.15;3070.496;2140.544356218649;2144.6483919768843;operator
Q18_51_seed_410201550;30368;Index Scan;11;Outer;;0.338;2174.693;0.07874069026756937;0.030264071370314054;operator
Q18_51_seed_410201550;30367;Aggregate;10;Outer;;553.15;2675.097;1025.227860404276;1280.7862079574866;operator
Q18_51_seed_410201550;30365;Seq Scan;9;Outer;;0.409;203.31;0.23623958645227744;153.8115310815523;operator
Q18_51_seed_410201550;30366;Hash;9;Inner;;2675.139;2675.14;115.06888571789018;115.0707960242379;operator
Q18_51_seed_410201550;30364;Hash Join;8;Outer;;2771.21;2906.499;79.30794941959961;515.7069870621808;pattern
Q18_51_seed_410201550;30370;Seq Scan;8;Outer;;0.086;52.254;0.08591091340218959;10.080091404577075;operator
Q18_51_seed_410201550;30363;Sort;7;Outer;;2906.51;2906.512;1250.1020552588589;1250.1230552588588;pattern
Q18_51_seed_410201550;30369;Sort;7;Inner;;61.841;64.265;996.768013713145;997.6329042293456;operator
Q18_51_seed_410201550;30362;Merge Join;6;Outer;;2970.863;2973.729;2904.8251157238387;2906.426275341094;operator
Q18_51_seed_410201550;30371;Index Scan;6;Inner;;0.019;0.02;0.021620355427923496;0.030264071370314054;operator
Q18_51_seed_410201550;30361;Nested Loop;5;Outer;;2970.899;2973.788;2905.4625146966405;2907.8868914259456;pattern
Q18_51_seed_410201550;30360;Incremental Sort;4;Outer;;2973.845;2973.847;2908.4258014677716;2908.427801467771;operator
Q18_51_seed_410201550;30359;Gather Merge;3;Outer;;2984.934;2991.915;2927.277921283025;2934.3678546442625;pattern
Q18_51_seed_410201550;30358;Aggregate;2;Outer;;2984.947;2991.932;1332.3362119569908;1337.5411544230572;pattern
Q18_51_seed_410201550;30357;Sort;1;Outer;;2985.0;2991.977;1265.451687414411;1267.7949409594642;pattern
Q18_51_seed_410201550;30356;Limit;0;;;3096.348;3103.326;2140.544356218649;2144.6483919768843;operator
Q18_53_seed_426609612;30400;Index Scan;11;Outer;;0.084;2111.752;0.07874069026756937;0.030264071370314054;operator
Q18_53_seed_426609612;30399;Aggregate;10;Outer;;551.513;2615.348;1025.227860404276;1280.7862079574866;operator
Q18_53_seed_426609612;30397;Seq Scan;9;Outer;;0.231;190.96;0.23623958645227744;153.8115310815523;operator
Q18_53_seed_426609612;30398;Hash;9;Inner;;2615.421;2615.422;115.06888571789018;115.0707960242379;operator
Q18_53_seed_426609612;30396;Hash Join;8;Outer;;2700.504;2837.305;79.30794941959961;515.7069870621808;pattern
Q18_53_seed_426609612;30402;Seq Scan;8;Outer;;0.048;53.585;0.08591091340218959;10.080091404577075;operator
Q18_53_seed_426609612;30395;Sort;7;Outer;;2837.317;2837.319;1250.1020552588589;1250.1230552588588;pattern
Q18_53_seed_426609612;30401;Sort;7;Inner;;63.852;66.413;996.768013713145;997.6329042293456;operator
Q18_53_seed_426609612;30394;Merge Join;6;Outer;;2904.092;2906.746;2904.8251157238387;2906.426275341094;operator
Q18_53_seed_426609612;30403;Index Scan;6;Inner;;0.022;0.022;0.021620355427923496;0.030264071370314054;operator
Q18_53_seed_426609612;30393;Nested Loop;5;Outer;;2904.132;2906.812;2905.4625146966405;2907.8868914259456;pattern
Q18_53_seed_426609612;30392;Incremental Sort;4;Outer;;2906.858;2906.86;2908.4258014677716;2908.427801467771;operator
Q18_53_seed_426609612;30391;Gather Merge;3;Outer;;2920.376;2926.814;2927.277921283025;2934.3678546442625;pattern
Q18_53_seed_426609612;30390;Aggregate;2;Outer;;2920.389;2926.83;1332.3362119569908;1337.5411544230572;pattern
Q18_53_seed_426609612;30389;Sort;1;Outer;;2920.439;2926.872;1265.451687414411;1267.7949409594642;pattern
Q18_53_seed_426609612;30388;Limit;0;;;3037.812;3044.246;2140.544356218649;2144.6483919768843;operator
Q18_62_seed_500445891;30560;Index Scan;11;Outer;;0.023;2097.144;0.07874069026756937;0.030264071370314054;operator
Q18_62_seed_500445891;30559;Aggregate;10;Outer;;544.144;2601.247;1025.227860404276;1280.7862079574866;operator
Q18_62_seed_500445891;30557;Seq Scan;9;Outer;;0.201;196.605;0.23623958645227744;153.8115310815523;operator
Q18_62_seed_500445891;30558;Hash;9;Inner;;2601.274;2601.274;115.06888571789018;115.0707960242379;operator
Q18_62_seed_500445891;30556;Hash Join;8;Outer;;2711.279;2828.877;79.30794941959961;515.7069870621808;pattern
Q18_62_seed_500445891;30562;Seq Scan;8;Outer;;0.038;53.01;0.08591091340218959;10.080091404577075;operator
Q18_62_seed_500445891;30555;Sort;7;Outer;;2828.884;2828.885;1250.1020552588589;1250.1230552588588;pattern
Q18_62_seed_500445891;30561;Sort;7;Inner;;62.024;64.395;996.768013713145;997.6329042293456;operator
Q18_62_seed_500445891;30554;Merge Join;6;Outer;;2877.005;2879.215;2904.8251157238387;2906.426275341094;operator
Q18_62_seed_500445891;30563;Index Scan;6;Inner;;0.017;0.018;0.021620355427923496;0.030264071370314054;operator
Q18_62_seed_500445891;30553;Nested Loop;5;Outer;;2877.033;2879.262;2905.4625146966405;2907.8868914259456;pattern
Q18_62_seed_500445891;30552;Incremental Sort;4;Outer;;2879.318;2879.32;2908.4258014677716;2908.427801467771;operator
Q18_62_seed_500445891;30551;Gather Merge;3;Outer;;2908.677;2914.713;2927.277921283025;2934.3678546442625;pattern
Q18_62_seed_500445891;30550;Aggregate;2;Outer;;2908.697;2914.736;1332.3362119569908;1337.5411544230572;pattern
Q18_62_seed_500445891;30549;Sort;1;Outer;;2908.747;2914.78;1265.451687414411;1267.7949409594642;pattern
Q18_62_seed_500445891;30548;Limit;0;;;3025.446;3031.479;2140.544356218649;2144.6483919768843;operator
Q18_65_seed_525057984;30608;Index Scan;11;Outer;;0.084;2123.43;0.07874069026756937;0.030264071370314054;operator
Q18_65_seed_525057984;30607;Aggregate;10;Outer;;546.031;2635.611;1025.227860404276;1280.7862079574866;operator
Q18_65_seed_525057984;30605;Seq Scan;9;Outer;;0.206;193.744;0.23623958645227744;153.8115310815523;operator
Q18_65_seed_525057984;30606;Hash;9;Inner;;2635.651;2635.652;115.06888571789018;115.0707960242379;operator
Q18_65_seed_525057984;30604;Hash Join;8;Outer;;2738.731;2856.682;79.30794941959961;515.7069870621808;pattern
Q18_65_seed_525057984;30610;Seq Scan;8;Outer;;0.065;53.969;0.08591091340218959;10.080091404577075;operator
Q18_65_seed_525057984;30603;Sort;7;Outer;;2856.693;2856.695;1250.1020552588589;1250.1230552588588;pattern
Q18_65_seed_525057984;30609;Sort;7;Inner;;64.33;66.754;996.768013713145;997.6329042293456;operator
Q18_65_seed_525057984;30602;Merge Join;6;Outer;;2924.315;2925.992;2904.8251157238387;2906.426275341094;operator
Q18_65_seed_525057984;30611;Index Scan;6;Inner;;0.023;0.023;0.021620355427923496;0.030264071370314054;operator
Q18_65_seed_525057984;30601;Nested Loop;5;Outer;;2924.353;2926.053;2905.4625146966405;2907.8868914259456;pattern
Q18_65_seed_525057984;30600;Incremental Sort;4;Outer;;2926.109;2926.111;2908.4258014677716;2908.427801467771;operator
Q18_65_seed_525057984;30599;Gather Merge;3;Outer;;2940.441;2945.805;2927.277921283025;2934.3678546442625;pattern
Q18_65_seed_525057984;30598;Aggregate;2;Outer;;2940.45;2945.818;1332.3362119569908;1337.5411544230572;pattern
Q18_65_seed_525057984;30597;Sort;1;Outer;;2940.499;2945.861;1265.451687414411;1267.7949409594642;pattern
Q18_65_seed_525057984;30596;Limit;0;;;3058.477;3063.839;2140.544356218649;2144.6483919768843;operator
Q18_70_seed_566078139;30704;Index Scan;11;Outer;;0.077;2124.473;0.07874069026756937;0.030264071370314054;operator
Q18_70_seed_566078139;30703;Aggregate;10;Outer;;544.898;2622.795;1025.227860404276;1280.7862079574866;operator
Q18_70_seed_566078139;30701;Seq Scan;9;Outer;;0.216;199.255;0.23623958645227744;153.8115310815523;operator
Q18_70_seed_566078139;30702;Hash;9;Inner;;2622.831;2622.831;115.06888571789018;115.0707960242379;operator
Q18_70_seed_566078139;30700;Hash Join;8;Outer;;2705.512;2850.783;79.30794941959961;515.7069870621808;pattern
Q18_70_seed_566078139;30706;Seq Scan;8;Outer;;0.033;53.787;0.08591091340218959;10.080091404577075;operator
Q18_70_seed_566078139;30699;Sort;7;Outer;;2850.792;2850.793;1250.1020552588589;1250.1230552588588;pattern
Q18_70_seed_566078139;30705;Sort;7;Inner;;64.324;68.12;996.768013713145;997.6329042293456;operator
Q18_70_seed_566078139;30698;Merge Join;6;Outer;;2918.571;2921.862;2904.8251157238387;2906.426275341094;operator
Q18_70_seed_566078139;30707;Index Scan;6;Inner;;0.02;0.021;0.021620355427923496;0.030264071370314054;operator
Q18_70_seed_566078139;30697;Nested Loop;5;Outer;;2918.608;2921.924;2905.4625146966405;2907.8868914259456;pattern
Q18_70_seed_566078139;30696;Incremental Sort;4;Outer;;2921.976;2921.977;2908.4258014677716;2908.427801467771;operator
Q18_70_seed_566078139;30695;Gather Merge;3;Outer;;2937.229;2943.546;2927.277921283025;2934.3678546442625;pattern
Q18_70_seed_566078139;30694;Aggregate;2;Outer;;2937.243;2943.565;1332.3362119569908;1337.5411544230572;pattern
Q18_70_seed_566078139;30693;Sort;1;Outer;;2937.293;2943.606;1265.451687414411;1267.7949409594642;pattern
Q18_70_seed_566078139;30692;Limit;0;;;3055.662;3061.975;2140.544356218649;2144.6483919768843;operator
Q18_7_seed_49224186;30864;Index Scan;11;Outer;;0.076;2110.604;0.07874069026756937;0.030264071370314054;operator
Q18_7_seed_49224186;30863;Aggregate;10;Outer;;555.711;2614.092;1025.227860404276;1280.7862079574866;operator
Q18_7_seed_49224186;30861;Seq Scan;9;Outer;;0.214;197.945;0.23623958645227744;153.8115310815523;operator
Q18_7_seed_49224186;30862;Hash;9;Inner;;2614.135;2614.135;115.06888571789018;115.0707960242379;operator
Q18_7_seed_49224186;30860;Hash Join;8;Outer;;2690.385;2842.318;79.30794941959961;515.7069870621808;pattern
Q18_7_seed_49224186;30866;Seq Scan;8;Outer;;0.053;51.664;0.08591091340218959;10.080091404577075;operator
Q18_7_seed_49224186;30859;Sort;7;Outer;;2842.327;2842.33;1250.1020552588589;1250.1230552588588;pattern
Q18_7_seed_49224186;30865;Sort;7;Inner;;62.66;65.109;996.768013713145;997.6329042293456;operator
Q18_7_seed_49224186;30858;Merge Join;6;Outer;;2907.97;2910.365;2904.8251157238387;2906.426275341094;operator
Q18_7_seed_49224186;30867;Index Scan;6;Inner;;0.02;0.021;0.021620355427923496;0.030264071370314054;operator
Q18_7_seed_49224186;30857;Nested Loop;5;Outer;;2908.007;2910.419;2905.4625146966405;2907.8868914259456;pattern
Q18_7_seed_49224186;30856;Incremental Sort;4;Outer;;2910.467;2910.468;2908.4258014677716;2908.427801467771;operator
Q18_7_seed_49224186;30855;Gather Merge;3;Outer;;2925.059;2931.374;2927.277921283025;2934.3678546442625;pattern
Q18_7_seed_49224186;30854;Aggregate;2;Outer;;2925.069;2931.388;1332.3362119569908;1337.5411544230572;pattern
Q18_7_seed_49224186;30853;Sort;1;Outer;;2925.126;2931.438;1265.451687414411;1267.7949409594642;pattern
Q18_7_seed_49224186;30852;Limit;0;;;3043.08;3049.393;2140.544356218649;2144.6483919768843;operator
Q18_81_seed_656322480;30896;Index Scan;11;Outer;;0.076;2135.977;0.07874069026756937;0.030264071370314054;operator
Q18_81_seed_656322480;30895;Aggregate;10;Outer;;541.727;2621.135;1025.227860404276;1280.7862079574866;operator
Q18_81_seed_656322480;30893;Seq Scan;9;Outer;;0.206;198.941;0.23623958645227744;153.8115310815523;operator
Q18_81_seed_656322480;30894;Hash;9;Inner;;2621.162;2621.162;115.06888571789018;115.0707960242379;operator
Q18_81_seed_656322480;30892;Hash Join;8;Outer;;2734.845;2849.437;79.30794941959961;515.7069870621808;pattern
Q18_81_seed_656322480;30898;Seq Scan;8;Outer;;0.035;52.86;0.08591091340218959;10.080091404577075;operator
Q18_81_seed_656322480;30891;Sort;7;Outer;;2849.444;2849.445;1250.1020552588589;1250.1230552588588;pattern
Q18_81_seed_656322480;30897;Sort;7;Inner;;63.482;65.956;996.768013713145;997.6329042293456;operator
Q18_81_seed_656322480;30890;Merge Join;6;Outer;;2899.032;2901.08;2904.8251157238387;2906.426275341094;operator
Q18_81_seed_656322480;30899;Index Scan;6;Inner;;0.019;0.02;0.021620355427923496;0.030264071370314054;operator
Q18_81_seed_656322480;30889;Nested Loop;5;Outer;;2899.058;2901.132;2905.4625146966405;2907.8868914259456;pattern
Q18_81_seed_656322480;30888;Incremental Sort;4;Outer;;2901.187;2901.189;2908.4258014677716;2908.427801467771;operator
Q18_81_seed_656322480;30887;Gather Merge;3;Outer;;2932.087;2937.563;2927.277921283025;2934.3678546442625;pattern
Q18_81_seed_656322480;30886;Aggregate;2;Outer;;2932.099;2937.579;1332.3362119569908;1337.5411544230572;pattern
Q18_81_seed_656322480;30885;Sort;1;Outer;;2932.148;2937.622;1265.451687414411;1267.7949409594642;pattern
Q18_81_seed_656322480;30884;Limit;0;;;3050.352;3055.825;2140.544356218649;2144.6483919768843;operator
Q18_84_seed_680934573;30944;Index Scan;11;Outer;;0.025;2121.737;0.07874069026756937;0.030264071370314054;operator
Q18_84_seed_680934573;30943;Aggregate;10;Outer;;543.816;2622.841;1025.227860404276;1280.7862079574866;operator
Q18_84_seed_680934573;30941;Seq Scan;9;Outer;;0.225;194.445;0.23623958645227744;153.8115310815523;operator
Q18_84_seed_680934573;30942;Hash;9;Inner;;2622.881;2622.881;115.06888571789018;115.0707960242379;operator
Q18_84_seed_680934573;30940;Hash Join;8;Outer;;2730.632;2848.04;79.30794941959961;515.7069870621808;pattern
Q18_84_seed_680934573;30946;Seq Scan;8;Outer;;0.047;53.624;0.08591091340218959;10.080091404577075;operator
Q18_84_seed_680934573;30939;Sort;7;Outer;;2848.049;2848.05;1250.1020552588589;1250.1230552588588;pattern
Q18_84_seed_680934573;30945;Sort;7;Inner;;62.526;64.932;996.768013713145;997.6329042293456;operator
Q18_84_seed_680934573;30938;Merge Join;6;Outer;;2896.573;2898.804;2904.8251157238387;2906.426275341094;operator
Q18_84_seed_680934573;30947;Index Scan;6;Inner;;0.02;0.021;0.021620355427923496;0.030264071370314054;operator
Q18_84_seed_680934573;30937;Nested Loop;5;Outer;;2896.601;2898.857;2905.4625146966405;2907.8868914259456;pattern
Q18_84_seed_680934573;30936;Incremental Sort;4;Outer;;2898.901;2898.903;2908.4258014677716;2908.427801467771;operator
Q18_84_seed_680934573;30935;Gather Merge;3;Outer;;2929.564;2935.338;2927.277921283025;2934.3678546442625;pattern
Q18_84_seed_680934573;30934;Aggregate;2;Outer;;2929.576;2935.354;1332.3362119569908;1337.5411544230572;pattern
Q18_84_seed_680934573;30933;Sort;1;Outer;;2929.636;2935.408;1265.451687414411;1267.7949409594642;pattern
Q18_84_seed_680934573;30932;Limit;0;;;3050.384;3056.157;2140.544356218649;2144.6483919768843;operator
Q18_8_seed_57428217;31040;Index Scan;11;Outer;;0.074;2114.155;0.07874069026756937;0.030264071370314054;operator
Q18_8_seed_57428217;31039;Aggregate;10;Outer;;549.652;2612.582;1025.227860404276;1280.7862079574866;operator
Q18_8_seed_57428217;31037;Seq Scan;9;Outer;;0.207;192.262;0.23623958645227744;153.8115310815523;operator
Q18_8_seed_57428217;31038;Hash;9;Inner;;2612.609;2612.609;115.06888571789018;115.0707960242379;operator
Q18_8_seed_57428217;31036;Hash Join;8;Outer;;2697.158;2835.31;79.30794941959961;515.7069870621808;pattern
Q18_8_seed_57428217;31042;Seq Scan;8;Outer;;0.05;53.526;0.08591091340218959;10.080091404577075;operator
Q18_8_seed_57428217;31035;Sort;7;Outer;;2835.32;2835.321;1250.1020552588589;1250.1230552588588;pattern
Q18_8_seed_57428217;31041;Sort;7;Inner;;64.038;67.068;996.768013713145;997.6329042293456;operator
Q18_8_seed_57428217;31034;Merge Join;6;Outer;;2904.626;2906.145;2904.8251157238387;2906.426275341094;operator
Q18_8_seed_57428217;31043;Index Scan;6;Inner;;0.021;0.022;0.021620355427923496;0.030264071370314054;operator
Q18_8_seed_57428217;31033;Nested Loop;5;Outer;;2904.663;2906.207;2905.4625146966405;2907.8868914259456;pattern
Q18_8_seed_57428217;31032;Incremental Sort;4;Outer;;2906.261;2906.262;2908.4258014677716;2908.427801467771;operator
Q18_8_seed_57428217;31031;Gather Merge;3;Outer;;2922.304;2928.456;2927.277921283025;2934.3678546442625;pattern
Q18_8_seed_57428217;31030;Aggregate;2;Outer;;2922.318;2928.475;1332.3362119569908;1337.5411544230572;pattern
Q18_8_seed_57428217;31029;Sort;1;Outer;;2922.364;2928.513;1265.451687414411;1267.7949409594642;pattern
Q18_8_seed_57428217;31028;Limit;0;;;3035.508;3041.657;2140.544356218649;2144.6483919768843;operator
Q18_95_seed_771178914;31136;Index Scan;11;Outer;;0.026;2162.165;0.07874069026756937;0.030264071370314054;operator
Q18_95_seed_771178914;31135;Aggregate;10;Outer;;555.223;2659.814;1025.227860404276;1280.7862079574866;operator
Q18_95_seed_771178914;31133;Seq Scan;9;Outer;;0.618;191.856;0.23623958645227744;153.8115310815523;operator
Q18_95_seed_771178914;31134;Hash;9;Inner;;2659.845;2659.846;115.06888571789018;115.0707960242379;operator
Q18_95_seed_771178914;31132;Hash Join;8;Outer;;2752.706;2880.618;79.30794941959961;515.7069870621808;pattern
Q18_95_seed_771178914;31138;Seq Scan;8;Outer;;0.044;57.519;0.08591091340218959;10.080091404577075;operator
Q18_95_seed_771178914;31131;Sort;7;Outer;;2880.625;2880.626;1250.1020552588589;1250.1230552588588;pattern
Q18_95_seed_771178914;31137;Sort;7;Inner;;67.299;69.705;996.768013713145;997.6329042293456;operator
Q18_95_seed_771178914;31130;Merge Join;6;Outer;;2951.668;2953.184;2904.8251157238387;2906.426275341094;operator
Q18_95_seed_771178914;31139;Index Scan;6;Inner;;0.023;0.024;0.021620355427923496;0.030264071370314054;operator
Q18_95_seed_771178914;31129;Nested Loop;5;Outer;;2951.705;2953.253;2905.4625146966405;2907.8868914259456;pattern
Q18_95_seed_771178914;31128;Incremental Sort;4;Outer;;2953.295;2953.297;2908.4258014677716;2908.427801467771;operator
Q18_95_seed_771178914;31127;Gather Merge;3;Outer;;2964.342;2970.747;2927.277921283025;2934.3678546442625;pattern
Q18_95_seed_771178914;31126;Aggregate;2;Outer;;2964.361;2970.769;1332.3362119569908;1337.5411544230572;pattern
Q18_95_seed_771178914;31125;Sort;1;Outer;;2964.41;2970.811;1265.451687414411;1267.7949409594642;pattern
Q18_95_seed_771178914;31124;Limit;0;;;3075.406;3081.807;2140.544356218649;2144.6483919768843;operator
Q18_96_seed_779382945;31152;Index Scan;11;Outer;;0.023;2140.203;0.07874069026756937;0.030264071370314054;operator
Q18_96_seed_779382945;31151;Aggregate;10;Outer;;547.748;2637.371;1025.227860404276;1280.7862079574866;operator
Q18_96_seed_779382945;31149;Seq Scan;9;Outer;;0.224;188.305;0.23623958645227744;153.8115310815523;operator
Q18_96_seed_779382945;31150;Hash;9;Inner;;2637.41;2637.41;115.06888571789018;115.0707960242379;operator
Q18_96_seed_779382945;31148;Hash Join;8;Outer;;2719.474;2854.435;79.30794941959961;515.7069870621808;pattern
Q18_96_seed_779382945;31154;Seq Scan;8;Outer;;0.045;53.317;0.08591091340218959;10.080091404577075;operator
Q18_96_seed_779382945;31147;Sort;7;Outer;;2854.443;2854.444;1250.1020552588589;1250.1230552588588;pattern
Q18_96_seed_779382945;31153;Sort;7;Inner;;62.569;65.045;996.768013713145;997.6329042293456;operator
Q18_96_seed_779382945;31146;Merge Join;6;Outer;;2920.004;2922.335;2904.8251157238387;2906.426275341094;operator
Q18_96_seed_779382945;31155;Index Scan;6;Inner;;0.022;0.023;0.021620355427923496;0.030264071370314054;operator
Q18_96_seed_779382945;31145;Nested Loop;5;Outer;;2920.046;2922.401;2905.4625146966405;2907.8868914259456;pattern
Q18_96_seed_779382945;31144;Incremental Sort;4;Outer;;2922.452;2922.453;2908.4258014677716;2908.427801467771;operator
Q18_96_seed_779382945;31143;Gather Merge;3;Outer;;2934.616;2943.356;2927.277921283025;2934.3678546442625;pattern
Q18_96_seed_779382945;31142;Aggregate;2;Outer;;2934.63;2943.374;1332.3362119569908;1337.5411544230572;pattern
Q18_96_seed_779382945;31141;Sort;1;Outer;;2934.674;2943.411;1265.451687414411;1267.7949409594642;pattern
Q18_96_seed_779382945;31140;Limit;0;;;3044.358;3053.096;2140.544356218649;2144.6483919768843;operator
Q18_98_seed_795791007;31184;Index Scan;11;Outer;;0.086;2141.473;0.07874069026756937;0.030264071370314054;operator
Q18_98_seed_795791007;31183;Aggregate;10;Outer;;553.287;2637.871;1025.227860404276;1280.7862079574866;operator
Q18_98_seed_795791007;31181;Seq Scan;9;Outer;;0.226;191.149;0.23623958645227744;153.8115310815523;operator
Q18_98_seed_795791007;31182;Hash;9;Inner;;2637.913;2637.914;115.06888571789018;115.0707960242379;operator
Q18_98_seed_795791007;31180;Hash Join;8;Outer;;2753.598;2857.788;79.30794941959961;515.7069870621808;pattern
Q18_98_seed_795791007;31186;Seq Scan;8;Outer;;0.044;53.233;0.08591091340218959;10.080091404577075;operator
Q18_98_seed_795791007;31179;Sort;7;Outer;;2857.799;2857.8;1250.1020552588589;1250.1230552588588;pattern
Q18_98_seed_795791007;31185;Sort;7;Inner;;62.528;65.037;996.768013713145;997.6329042293456;operator
Q18_98_seed_795791007;31178;Merge Join;6;Outer;;2924.614;2925.915;2904.8251157238387;2906.426275341094;operator
Q18_98_seed_795791007;31187;Index Scan;6;Inner;;0.028;0.029;0.021620355427923496;0.030264071370314054;operator
Q18_98_seed_795791007;31177;Nested Loop;5;Outer;;2924.659;2925.99;2905.4625146966405;2907.8868914259456;pattern
Q18_98_seed_795791007;31176;Incremental Sort;4;Outer;;2926.079;2926.081;2908.4258014677716;2908.427801467771;operator
Q18_98_seed_795791007;31175;Gather Merge;3;Outer;;2937.518;2946.222;2927.277921283025;2934.3678546442625;pattern
Q18_98_seed_795791007;31174;Aggregate;2;Outer;;2937.528;2946.235;1332.3362119569908;1337.5411544230572;pattern
Q18_98_seed_795791007;31173;Sort;1;Outer;;2937.576;2946.274;1265.451687414411;1267.7949409594642;pattern
Q18_98_seed_795791007;31172;Limit;0;;;3055.447;3064.146;2140.544356218649;2144.6483919768843;operator
Q18_99_seed_803995038;31200;Index Scan;11;Outer;;0.075;2118.33;0.07874069026756937;0.030264071370314054;operator
Q18_99_seed_803995038;31199;Aggregate;10;Outer;;547.37;2603.512;1025.227860404276;1280.7862079574866;operator
Q18_99_seed_803995038;31197;Seq Scan;9;Outer;;0.281;193.865;0.23623958645227744;153.8115310815523;operator
Q18_99_seed_803995038;31198;Hash;9;Inner;;2603.543;2603.543;115.06888571789018;115.0707960242379;operator
Q18_99_seed_803995038;31196;Hash Join;8;Outer;;2715.492;2827.26;79.30794941959961;515.7069870621808;pattern
Q18_99_seed_803995038;31202;Seq Scan;8;Outer;;0.054;54.194;0.08591091340218959;10.080091404577075;operator
Q18_99_seed_803995038;31195;Sort;7;Outer;;2827.269;2827.271;1250.1020552588589;1250.1230552588588;pattern
Q18_99_seed_803995038;31201;Sort;7;Inner;;63.382;65.739;996.768013713145;997.6329042293456;operator
Q18_99_seed_803995038;31194;Merge Join;6;Outer;;2876.519;2878.634;2904.8251157238387;2906.426275341094;operator
Q18_99_seed_803995038;31203;Index Scan;6;Inner;;0.019;0.019;0.021620355427923496;0.030264071370314054;operator
Q18_99_seed_803995038;31193;Nested Loop;5;Outer;;2876.545;2878.684;2905.4625146966405;2907.8868914259456;pattern
Q18_99_seed_803995038;31192;Incremental Sort;4;Outer;;2878.735;2878.736;2908.4258014677716;2908.427801467771;operator
Q18_99_seed_803995038;31191;Gather Merge;3;Outer;;2907.452;2913.176;2927.277921283025;2934.3678546442625;pattern
Q18_99_seed_803995038;31190;Aggregate;2;Outer;;2907.469;2913.197;1332.3362119569908;1337.5411544230572;pattern
Q18_99_seed_803995038;31189;Sort;1;Outer;;2907.525;2913.246;1265.451687414411;1267.7949409594642;pattern
Q18_99_seed_803995038;31188;Limit;0;;;3016.823;3022.544;2140.544356218649;2144.6483919768843;operator
Q19_100_seed_812199069;31226;Seq Scan;5;Outer;;14.572;47.748;0.5186977164516695;41.57129024489882;operator
Q19_100_seed_812199069;31224;Seq Scan;4;Outer;;0.666;742.415;5.2245795536626005;725.2864919322501;operator
Q19_100_seed_812199069;31225;Hash;4;Inner;;47.841;47.842;19.585542855526427;19.585823888040238;operator
Q19_100_seed_812199069;31223;Hash Join;3;Outer;;107.846;792.362;38.13740951675803;791.1603588948534;pattern
Q19_100_seed_812199069;31222;Aggregate;2;Outer;;792.417;792.418;917.3707102288859;935.0411883787799;operator
Q19_100_seed_812199069;31221;Gather;1;Outer;;804.499;810.857;803.606227881673;912.6299742756755;operator
Q19_100_seed_812199069;31220;Aggregate;0;;;805.465;810.867;955.2012884590266;961.5321116104141;pattern
Q19_101_seed_820403100;31233;Seq Scan;5;Outer;;12.722;47.357;0.5187012333928969;41.572404059006516;operator
Q19_101_seed_820403100;31231;Seq Scan;4;Outer;;0.685;790.352;5.2244084622214615;725.2867158090669;operator
Q19_101_seed_820403100;31232;Hash;4;Inner;;47.514;47.515;19.58504876329343;19.5853297733494;operator
Q19_101_seed_820403100;31230;Hash Join;3;Outer;;77.807;839.642;38.13741258157012;791.1603831766378;pattern
Q19_101_seed_820403100;31229;Aggregate;2;Outer;;839.701;839.702;917.3707153457234;935.0411926900194;operator
Q19_101_seed_820403100;31228;Gather;1;Outer;;851.621;860.001;803.606228495199;912.6299749297233;operator
Q19_101_seed_820403100;31227;Aggregate;0;;;852.231;860.019;955.2012896042688;961.5321127554495;pattern
Q19_115_seed_935259534;31338;Seq Scan;5;Outer;;11.928;45.228;0.5187012333928969;41.572404059006516;operator
Q19_115_seed_935259534;31336;Seq Scan;4;Outer;;0.526;743.833;5.224300590595242;725.2868568663664;operator
Q19_115_seed_935259534;31337;Hash;4;Inner;;45.466;45.467;19.58504876329343;19.5853297733494;operator
Q19_115_seed_935259534;31335;Hash Join;3;Outer;;57.623;791.494;38.13741870875212;791.1603831766378;pattern
Q19_115_seed_935259534;31334;Aggregate;2;Outer;;791.559;791.56;917.370715097239;935.0411919883818;operator
Q19_115_seed_935259534;31333;Gather;1;Outer;;804.349;810.699;803.6062284674022;912.629974841001;operator
Q19_115_seed_935259534;31332;Aggregate;0;;;804.505;810.715;955.2012894559998;961.5321126072106;pattern
Q19_119_seed_968075658;31366;Seq Scan;5;Outer;;13.908;45.135;0.5186977164516695;41.57129024489882;operator
Q19_119_seed_968075658;31364;Seq Scan;4;Outer;;0.433;769.904;5.224668811316887;725.2863750632829;operator
Q19_119_seed_968075658;31365;Hash;4;Inner;;45.299;45.299;19.585542855526427;19.585823888040238;operator
Q19_119_seed_968075658;31363;Hash Join;3;Outer;;102.183;817.16;38.13740446326417;791.1603588948534;pattern
Q19_119_seed_968075658;31362;Aggregate;2;Outer;;817.218;817.219;917.3707104338262;935.0411889574668;operator
Q19_119_seed_968075658;31361;Gather;1;Outer;;830.265;836.228;803.6062279045988;912.6299743488506;operator
Q19_119_seed_968075658;31360;Aggregate;0;;;833.633;836.254;955.2012885813139;961.5321117326764;pattern
Q19_122_seed_992687751;31394;Seq Scan;5;Outer;;14.88;48.45;0.5187065087883929;41.5740748942992;operator
Q19_122_seed_992687751;31392;Seq Scan;4;Outer;;1.098;744.703;5.224694843843777;725.2863409682775;operator
Q19_122_seed_992687751;31393;Hash;4;Inner;;48.567;48.567;19.584307659935718;19.584588636307814;operator
Q19_122_seed_992687751;31391;Hash Join;3;Outer;;99.307;795.375;38.1373843455193;791.1604196011172;pattern
Q19_122_seed_992687751;31390;Aggregate;2;Outer;;795.445;795.445;917.3707243529018;935.0412029170378;operator
Q19_122_seed_992687751;31389;Gather;1;Outer;;808.334;814.514;803.606229564488;912.6299763862771;operator
Q19_122_seed_992687751;31388;Aggregate;0;;;809.391;814.54;955.2012921167416;961.5321152674501;pattern
Q19_131_seed_1066524030;31464;Seq Scan;5;Outer;;13.02;48.682;0.5187012333928969;41.572404059006516;operator
Q19_131_seed_1066524030;31462;Seq Scan;4;Outer;;0.556;781.446;5.2242559518820775;725.2869152162623;operator
Q19_131_seed_1066524030;31463;Hash;4;Inner;;48.87;48.87;19.58504876329343;19.5853297733494;operator
Q19_131_seed_1066524030;31461;Hash Join;3;Outer;;92.36;832.326;38.137421239534135;791.1603831766378;pattern
Q19_131_seed_1066524030;31460;Aggregate;2;Outer;;832.381;832.382;917.3707149946051;935.0411916985763;operator
Q19_131_seed_1066524030;31459;Gather;1;Outer;;844.79;850.197;803.6062284559209;912.629974804355;operator
Q19_131_seed_1066524030;31458;Aggregate;0;;;844.804;850.208;955.2012893947584;961.5321125459818;pattern
Q19_135_seed_1099340154;31492;Seq Scan;5;Outer;;14.681;48.518;0.518702991862255;41.572960988885484;operator
Q19_135_seed_1099340154;31490;Seq Scan;4;Outer;;0.607;775.651;5.2244382186024705;725.2866768854883;operator
Q19_135_seed_1099340154;31491;Hash;4;Inner;;48.656;48.656;19.584801724175918;19.58508272300361;operator
Q19_135_seed_1099340154;31489;Hash Join;3;Outer;;90.238;826.14;38.137407236597696;791.1603953178908;pattern
Q19_135_seed_1099340154;31488;Aggregate;2;Outer;;826.212;826.214;917.3707181831273;935.0411956332532;operator
Q19_135_seed_1099340154;31487;Gather;1;Outer;;839.644;846.007;803.6062288331717;912.629975356343;operator
Q19_135_seed_1099340154;31486;Aggregate;0;;;840.243;846.05;955.201290343331;961.5321134943744;pattern
Q19_145_seed_1181380464;31569;Seq Scan;5;Outer;;13.671;46.664;0.518702991862255;41.572960988885484;operator
Q19_145_seed_1181380464;31567;Seq Scan;4;Outer;;0.841;781.174;5.224609306780279;725.2864529807705;operator
Q19_145_seed_1181380464;31568;Hash;4;Inner;;46.754;46.755;19.584801724175918;19.58508272300361;operator
Q19_145_seed_1181380464;31566;Hash Join;3;Outer;;79.187;829.502;38.137397429728374;791.1603953178908;pattern
Q19_145_seed_1181380464;31565;Aggregate;2;Outer;;829.558;829.559;917.3707185808393;935.04119675626;operator
Q19_145_seed_1181380464;31564;Gather;1;Outer;;842.857;849.65;803.606228877662;912.6299754983478;operator
Q19_145_seed_1181380464;31563;Aggregate;0;;;846.545;849.684;955.2012905806433;961.5321137316383;pattern
Q19_18_seed_139468527;31639;Seq Scan;5;Outer;;12.023;45.962;0.5186994749280371;41.57184714433541;operator
Q19_18_seed_139468527;31637;Seq Scan;4;Outer;;0.563;761.063;5.224393583816093;725.2867352690363;operator
Q19_18_seed_139468527;31638;Hash;4;Inner;;46.102;46.102;19.585295807077486;19.58557682836222;operator
Q19_18_seed_139468527;31636;Hash Join;3;Outer;;114.787;809.624;38.137416833818676;791.1603710356256;pattern
Q19_18_seed_139468527;31635;Aggregate;2;Outer;;809.682;809.683;917.3707125526859;935.0411898719624;operator
Q19_18_seed_139468527;31634;Gather;1;Outer;;822.784;828.915;803.6062281621901;912.6299745189334;operator
Q19_18_seed_139468527;31633;Aggregate;0;;;823.132;828.954;955.2012888916613;961.532112042974;pattern
Q19_32_seed_254324961;31751;Seq Scan;5;Outer;;15.061;55.213;0.518702991862255;41.572960988885484;operator
Q19_32_seed_254324961;31749;Seq Scan;4;Outer;;0.648;785.938;5.224449377097041;725.2866622878894;operator
Q19_32_seed_254324961;31750;Hash;4;Inner;;55.295;55.295;19.584801724175918;19.58508272300361;operator
Q19_32_seed_254324961;31748;Hash Join;3;Outer;;99.179;842.816;38.137406598240645;791.1603953178908;pattern
Q19_32_seed_254324961;31747;Aggregate;2;Outer;;842.867;842.868;917.3707182090159;935.0411957063523;operator
Q19_32_seed_254324961;31746;Gather;1;Outer;;855.543;864.69;803.6062288360678;912.6299753655866;operator
Q19_32_seed_254324961;31745;Aggregate;0;;;856.89;864.705;955.2012903587782;961.5321135098185;pattern
Q19_35_seed_278937054;31772;Seq Scan;5;Outer;;12.858;46.892;0.5187012333928969;41.572404059006516;operator
Q19_35_seed_278937054;31770;Seq Scan;4;Outer;;0.37;787.039;5.2244159013705955;725.2867060786227;operator
Q19_35_seed_278937054;31771;Hash;4;Inner;;47.071;47.071;19.58504876329343;19.5853297733494;operator
Q19_35_seed_278937054;31769;Hash Join;3;Outer;;109.145;837.231;38.13741215842455;791.1603831766378;pattern
Q19_35_seed_278937054;31768;Aggregate;2;Outer;;837.29;837.291;917.3707153628833;935.0411927384745;operator
Q19_35_seed_278937054;31767;Gather;1;Outer;;851.44;858.253;803.6062284971188;912.6299749358504;operator
Q19_35_seed_278937054;31766;Aggregate;0;;;852.612;858.27;955.2012896145084;961.5321127656869;pattern
Q19_36_seed_287141085;31779;Seq Scan;5;Outer;;14.99;47.297;0.518702991862255;41.572960988885484;operator
Q19_36_seed_287141085;31777;Seq Scan;4;Outer;;0.801;773.539;5.224538642201964;725.2865454826004;operator
Q19_36_seed_287141085;31778;Hash;4;Inner;;47.472;47.472;19.584801724175918;19.58508272300361;operator
Q19_36_seed_287141085;31776;Hash Join;3;Outer;;81.608;824.991;38.13740148525304;791.1603953178908;pattern
Q19_36_seed_287141085;31775;Aggregate;2;Outer;;825.051;825.052;917.3707184163702;935.0411962918522;operator
Q19_36_seed_287141085;31774;Gather;1;Outer;;838.684;845.019;803.6062288592636;912.6299754396232;operator
Q19_36_seed_287141085;31773;Aggregate;0;;;839.302;845.043;955.2012904825054;961.5321136335203;pattern
Q19_42_seed_336365271;31828;Seq Scan;5;Outer;;12.763;56.071;0.5187047503286238;41.573517933986096;operator
Q19_42_seed_336365271;31826;Seq Scan;4;Outer;;0.709;797.475;5.224516326403543;725.2865746880159;operator
Q19_42_seed_336365271;31827;Hash;4;Inner;;56.219;56.221;19.584554689722836;19.58483567732253;operator
Q19_42_seed_336365271;31825;Hash Join;3;Outer;;118.796;856.003;38.13739885346904;791.160407459384;pattern
Q19_42_seed_336365271;31824;Aggregate;2;Outer;;856.062;856.064;917.3707211437943;935.0411989244384;operator
Q19_42_seed_336365271;31823;Gather;1;Outer;;870.162;877.587;803.6062291849337;912.6299758269625;operator
Q19_42_seed_336365271;31822;Aggregate;0;;;871.344;877.607;955.2012911559242;961.5321143068152;pattern
Q19_45_seed_360977364;31849;Seq Scan;5;Outer;;12.963;45.436;0.518702991862255;41.572960988885484;operator
Q19_45_seed_360977364;31847;Seq Scan;4;Outer;;0.433;793.583;5.224601868556918;725.286462719099;operator
Q19_45_seed_360977364;31848;Hash;4;Inner;;45.556;45.556;19.584801724175918;19.58508272300361;operator
Q19_45_seed_360977364;31846;Hash Join;3;Outer;;80.989;840.807;38.13739785695007;791.1603953178908;pattern
Q19_45_seed_360977364;31845;Aggregate;2;Outer;;840.857;840.859;917.370718563513;935.0411967073373;operator
Q19_45_seed_360977364;31844;Gather;1;Outer;;854.626;860.824;803.6062288757239;912.6299754921615;operator
Q19_45_seed_360977364;31843;Aggregate;0;;;854.923;860.85;955.2012905703051;961.5321137213022;pattern
Q19_51_seed_410201550;31898;Seq Scan;5;Outer;;15.131;43.036;0.5187012333928969;41.572404059006516;operator
Q19_51_seed_410201550;31896;Seq Scan;4;Outer;;0.932;767.441;5.224322909471831;725.2868276873317;operator
Q19_51_seed_410201550;31897;Hash;4;Inner;;43.188;43.189;19.58504876329343;19.5853297733494;operator
Q19_51_seed_410201550;31895;Hash Join;3;Outer;;87.919;813.021;38.13741744235108;791.1603831766378;pattern
Q19_51_seed_410201550;31894;Aggregate;2;Outer;;813.086;813.087;917.3707151485983;935.0411921333999;operator
Q19_51_seed_410201550;31893;Gather;1;Outer;;828.172;834.826;803.6062284731476;912.6299748593386;operator
Q19_51_seed_410201550;31892;Aggregate;0;;;831.718;834.84;955.2012894866448;961.5321126378494;pattern
Q19_55_seed_443017674;31926;Seq Scan;5;Outer;;16.197;48.94;0.518702991862255;41.572960988885484;operator
Q19_55_seed_443017674;31924;Seq Scan;4;Outer;;0.689;774.976;5.224263391753976;725.2869054920427;operator
Q19_55_seed_443017674;31925;Hash;4;Inner;;49.012;49.012;19.584801724175918;19.58508272300361;operator
Q19_55_seed_443017674;31923;Hash Join;3;Outer;;124.03;825.759;38.137417215387295;791.1603953178908;pattern
Q19_55_seed_443017674;31922;Aggregate;2;Outer;;825.81;825.81;917.3707177784444;935.0411944905593;operator
Q19_55_seed_443017674;31921;Gather;1;Outer;;837.669;843.9;803.6062287879014;912.6299752118489;operator
Q19_55_seed_443017674;31920;Aggregate;0;;;838.549;843.913;955.2012901018586;961.5321132529511;pattern
Q19_63_seed_508649922;31989;Seq Scan;5;Outer;;12.816;44.848;0.5186906825422744;41.569062799306124;operator
Q19_63_seed_508649922;31987;Seq Scan;4;Outer;;1.1;785.767;5.224590711154458;725.2864773260161;operator
Q19_63_seed_508649922;31988;Hash;4;Inner;;44.996;44.996;19.586531095978145;19.5868121734119;operator
Q19_63_seed_508649922;31986;Hash Join;3;Outer;;94.752;833.135;38.13721215581973;791.1603103341682;pattern
Q19_63_seed_508649922;31985;Aggregate;2;Outer;;833.195;833.196;917.3707225503794;935.0411916051505;operator
Q19_63_seed_508649922;31984;Gather;1;Outer;;847.818;853.994;803.6062293880907;912.6299750227207;operator
Q19_63_seed_508649922;31983;Aggregate;0;;;849.74;854.027;955.2012898700798;961.5321130212627;pattern
Q19_66_seed_533262015;32010;Seq Scan;5;Outer;;12.274;44.832;0.5187065087883929;41.5740748942992;operator
Q19_66_seed_533262015;32008;Seq Scan;4;Outer;;0.629;764.55;5.224453096578657;725.2866574218772;operator
Q19_66_seed_533262015;32009;Hash;4;Inner;;44.946;44.948;19.584307659935718;19.584588636307814;operator
Q19_66_seed_533262015;32007;Hash Join;3;Outer;;97.6;811.51;38.137398359145514;791.1604196011172;pattern
Q19_66_seed_533262015;32006;Aggregate;2;Outer;;811.571;811.573;917.3707237845882;935.041201312306;operator
Q19_66_seed_533262015;32005;Gather;1;Outer;;825.602;831.571;803.6062295009131;912.6299761833582;operator
Q19_66_seed_533262015;32004;Aggregate;0;;;826.206;831.585;955.2012917776317;961.5321149284093;pattern
Q19_6_seed_41020155;32038;Seq Scan;5;Outer;;14.11;44.126;0.5187012333928969;41.572404059006516;operator
Q19_6_seed_41020155;32036;Seq Scan;4;Outer;;0.684;785.453;5.2248324370903685;725.2861606901275;operator
Q19_6_seed_41020155;32037;Hash;4;Inner;;44.286;44.286;19.58504876329343;19.5853297733494;operator
Q19_6_seed_41020155;32035;Hash Join;3;Outer;;114.225;832.06;38.13738834180923;791.1603831766378;pattern
Q19_6_seed_41020155;32034;Aggregate;2;Outer;;832.123;832.124;917.370716328751;935.0411954657696;operator
Q19_6_seed_41020155;32033;Gather;1;Outer;;846.373;853.81;803.6062286051663;912.6299752807182;operator
Q19_6_seed_41020155;32032;Aggregate;0;;;846.602;853.827;955.2012901908366;961.5321133418978;pattern
Q19_70_seed_566078139;32045;Seq Scan;5;Outer;;13.089;46.047;0.5186977164516695;41.57129024489882;operator
Q19_70_seed_566078139;32043;Seq Scan;4;Outer;;0.625;778.147;5.2244902908988875;725.2866087575592;operator
Q19_70_seed_566078139;32044;Hash;4;Inner;;46.215;46.215;19.585542855526427;19.585823888040238;operator
Q19_70_seed_566078139;32042;Hash Join;3;Outer;;117.52;826.519;38.13741455948071;791.1603588948534;pattern
Q19_70_seed_566078139;32041;Aggregate;2;Outer;;826.57;826.571;917.3707100243815;935.041187801326;operator
Q19_70_seed_566078139;32040;Gather;1;Outer;;840.663;847.18;803.6062278587958;912.6299742026561;operator
Q19_70_seed_566078139;32039;Aggregate;0;;;841.157;847.231;955.2012883369997;961.532111488412;pattern
Q19_71_seed_574282170;32052;Seq Scan;5;Outer;;13.109;45.403;0.5186994749280371;41.57184714433541;operator
Q19_71_seed_574282170;32050;Seq Scan;4;Outer;;0.766;773.517;5.224572115294412;725.2865016693581;operator
Q19_71_seed_574282170;32051;Hash;4;Inner;;45.553;45.553;19.585295807077486;19.58557682836222;operator
Q19_71_seed_574282170;32049;Hash Join;3;Outer;;105.705;821.196;38.13740671127935;791.1603710356256;pattern
Q19_71_seed_574282170;32048;Aggregate;2;Outer;;821.252;821.253;917.3707129631983;935.0411910311178;operator
Q19_71_seed_574282170;32047;Gather;1;Outer;;834.632;840.666;803.6062282081124;912.629974665509;operator
Q19_71_seed_574282170;32046;Aggregate;0;;;836.475;840.686;955.2012891366123;961.532112287875;pattern
Q19_72_seed_582486201;32059;Seq Scan;5;Outer;;14.328;44.347;0.5187012333928969;41.572404059006516;operator
Q19_72_seed_582486201;32057;Seq Scan;4;Outer;;0.398;785.5;5.224460535514604;725.2866476896232;operator
Q19_72_seed_582486201;32058;Hash;4;Inner;;44.51;44.51;19.58504876329343;19.5853297733494;operator
Q19_72_seed_582486201;32056;Hash Join;3;Outer;;97.59;832.899;38.13740961797274;791.1603831766378;pattern
Q19_72_seed_582486201;32055;Aggregate;2;Outer;;832.948;832.949;917.3707154659099;935.0411930293878;operator
Q19_72_seed_582486201;32054;Gather;1;Outer;;847.441;853.731;803.6062285086439;912.6299749726367;operator
Q19_72_seed_582486201;32053;Aggregate;0;;;847.581;853.744;955.2012896759838;961.5321128271498;pattern
Q19_90_seed_730158759;32199;Seq Scan;5;Outer;;12.586;46.135;0.5186994749280371;41.57184714433541;operator
Q19_90_seed_730158759;32197;Seq Scan;4;Outer;;0.482;753.889;5.224345228031678;725.2867985055601;operator
Q19_90_seed_730158759;32198;Hash;4;Inner;;46.291;46.291;19.585295807077486;19.58557682836222;operator
Q19_90_seed_730158759;32196;Hash Join;3;Outer;;61.946;802.145;38.13741956792353;791.1603710356256;pattern
Q19_90_seed_730158759;32195;Aggregate;2;Outer;;802.199;802.2;917.3707124418054;935.0411895588742;operator
Q19_90_seed_730158759;32194;Gather;1;Outer;;817.082;822.348;803.6062281497863;912.6299744793432;operator
Q19_90_seed_730158759;32193;Aggregate;0;;;817.101;822.364;955.2012888254999;961.532111976826;pattern
Q19_99_seed_803995038;32262;Seq Scan;5;Outer;;13.676;44.6;0.5186959579790467;41.57073336067472;operator
Q19_99_seed_803995038;32260;Seq Scan;4;Outer;;0.452;798.368;5.224281991282447;725.2868811801541;operator
Q19_99_seed_803995038;32261;Hash;4;Inner;;44.735;44.735;19.585789908642397;19.586070952385626;operator
Q19_99_seed_803995038;32259;Hash Join;3;Outer;;91.173;845.121;38.1374292037061;791.1603467543215;pattern
Q19_99_seed_803995038;32258;Aggregate;2;Outer;;845.183;845.184;917.3707068100068;935.0411837933527;operator
Q19_99_seed_803995038;32257;Gather;1;Outer;;857.915;863.925;803.6062274786543;912.6299736414028;operator
Q19_99_seed_803995038;32256;Aggregate;0;;;858.519;863.94;955.2012873729453;961.5321105245408;pattern
